22.45
11.4
16.69
12.63
34.98
23.03
12.26
11.1
13.84
15.46
22.55
12.96
29.88
10.87
10.91
29.11
17.89
14.7
22.35
23.57
24.52
12.12
6.57
6.35
27.58
55.03
8.04
21.94
21.99
18.73
11.48
17.77
32.37
23.25
21.25
11.68
15.22
15.26
20.83
11.24
17.42
9.37
18.3
8.38
25.38
11.95
14.46
17.85
18.48
13.27
15.65
10.72
10.43
26.33
11.66
11.84
16.63
15.78
13.58
14.85
12.72
19.33
14.84
12.48
20.77
25.96
18
18.09
11.47
14.19
26.41
22.29
25.13
18.93
21.33
22.27
25.89
19.02
78
11.47
11.7
135.54
12.19
16.41
12.48
15.21
34.19
13.49
49.51
17.77
26.21
13.59
18.66
22.16
7.12
16.48
49.35
15.66
21.41
14.51
11.68
339.34
17.67
12.19
23.67
18.76
12.67
13.36
20.82
13.63
19.56
14.24
18.21
16.78
13.64
15.58
9.53
7.43
24
11.75
33.04
15.24
7.95
17.02
32.75
18.47
26.58
14.12
11.59
14.69
39.76
37.28
12.11
21.04
16.96
27.61
12.17
9.12
21.22
19.78
22.88
8.96
39.1
12.68
24.91
12.34
29.59
9.85
12.84
12.42
13.45
24.63
10.35
18.61
10.12
14.81
18.5
14.56
17.57
13.1
16.62
10.23
11.95
11.74
12.34
6.97
21.37
25.89
9.21
22.77
14
20.14
8.47
8.84
59.01
19.52
7.77
17.81
16.88
16.15
20.47
23.06
23
18.05
20.4
20.61
7.69
8.65
9.32
11.22
16.78
44.72
14.85
9.36
28.08
14.38
39.19
17.45
16.73
15.18
11.75
32.39
11
13.88
10.49
39.89
20.26
9.29
36.24
12.61
8.32
8.96
8.78
15.37
13.74
15.89
46.8
24.08
26.45
22.29
32.42
12.11
12.35
20.92
18.28
38.92
19.9
33.66
28.79
11.13
17.82
9.29
13.54
7.71
16.11
22.7
18.95
13.78
11.08
13.53
12.33
23.44
18.12
6.16
8.04
17.96
8.78
18.45
10.41
10.31
11.78
16.2
24.57
14.79
12.44
24.48
14.48
18.78
15.9
23.3
32.72
15.2
16.39
16.3
17.51
11.52
43.57
861.36
11.55
11.1
18.75
43.17
15.73
17.34
23.37
12.34
10.01
65.72
17.38
33.72
9.46
9.49
11.73
9.74
8.96
17.15
16.6
14.88
17.1
13.55
14.36
14.27
27.3
22.34
16.04
8.47
12.22
35.3
48.89
10.23
12.55
17.72
8.76
9.76
11.44
10.16
40.58
14.74
19.03
13.72
19.76
16.84
14.23
7.03
30.62
24.33
15.21
21.81
34.89
21.59
9.78
15.92
16.22
9.66
8.4
12.09
10.8
15.28
20.96
24.28
12.12
24.59
14.85
12.07
14.54
22.07
12.93
17.58
17.74
18.71
25.39
15.92
19.59
17.91
17.72
15.93
9.17
8.53
10.31
11.96
29.21
17.03
14.55
19.55
17.77
12.16
30.17
22.06
20.4
13.07
12.03
10.02
18.53
15.23
57.37
16.41
9.27
14.5
12.89
14.94
17.6
18.29
11.39
15.29
9.79
26.99
20.55
8.26
18.5
13.86
11.52
11.84
12.41
41.94
14.51
34.46
16.75
11.89
18.64
12.16
30.6
14.94
14.97
16.08
19.88
17.99
11.23
11.27
13.5
15.57
10.82
41.84
10.23
14.26
26.84
22.26
18.14
27.28
17.36
49.46
24.8
74.23
30.11
28.47
25.91
17.1
16.7
18.54
16.04
8
6.68
28.78
35.21
19.96
9.17
12.59
25.28
27.43
8.23
13.49
13.15
36.79
19.91
11.2
19.26
10.94
9.18
16.3
19.62
13.2
29.09
18.55
12.99
21.06
11.31
25.26
12.32
12.11
21.23
10.58
11.81
7.81
21.62
8.99
35.35
22.25
12.59
21.27
13.14
29.68
19.26
17.71
14.06
8.81
18.62
18.09
14.23
14.74
70.46
17.49
11.28
12.25
18.69
25.17
8.17
31.96
14.59
25.64
24.44
25.69
29.2
24.96
20.4
12.37
31.88
18.05
15.31
15.16
12.27
16.45
21.62
15.19
16.54
17.64
9.11
35.64
11.06
21.05
14.11
11.39
10.4
12.56
18.1
22.12
22.41
12.99
58.63
15.09
10.77
19.34
12
12.77
20.24
15.03
13.31
12.4
21.35
14.08
15.79
29.94
24.07
8.91
11.44
17.94
14.37
15.72
20.35
16.37
11.54
37.55
30.85
32.67
10.36
25.35
12.78
14.87
19.66
15.7
30.7
14.76
39.38
11.27
22.26
29.98
42.53
27.11
12.9
13.31
11.95
46.8
8.24
21.09
14.59
11.79
35.99
11.01
13.79
16.34
16.76
13.07
12.07
11.32
14.88
13.63
25.28
23.24
13.78
15.02
12.46
13.89
11.5
14.78
18.97
11.48
17.21
11.78
6.53
34.79
40.29
26.2
18.08
8.98
18.01
16.02
10.36
32.95
33
17.98
12.71
9.5
15.32
11.63
13.35
16.34
50.87
26.55
20
12.01
18.18
13.31
18.79
13.27
17.13
17.8
13.52
16.89
21.77
20.31
10.94
15.53
19.92
41.15
24.21
20.79
14.85
37.61
10.8
17.31
30.25
13.65
36.2
9.81
31.24
25.59
10.42
14.12
19.34
18.95
21.51
25
11.41
39
14.56
10.87
10.3
12.77
15.49
12.51
23.4
13.42
15.65
32.58
102.56
28.81
19.22
40.49
17.72
21.92
14.34
26.42
21.23
13.82
16.9
34.97
25.85
11.12
36.8
15.13
15.2
9.94
10.74
18.19
18.61
28.4
47.34
23.34
37.15
13.1
16.52
9.87
31.94
15.5
23.69
10.31
13.33
16.61
31.56
12.9
39.67
14.23
20.48
17.73
6.52
19.57
17.45
27.89
13.14
16.07
13.97
12.22
16.47
7.42
31.18
11.72
13.88
14.64
17.74
15.44
13.23
11.38
13.4
15.8
19
15.87
35.14
10.41
23.66
21.04
23.34
15.67
16.28
21.45
26.9
8.88
19.69
18.78
18.2
10.43
19.95
14.31
14.96
17.05
35.06
21
12.32
11.64
10.03
25.11
17.67
9.11
12.41
36.45
15.79
15.43
8.84
15.13
12.19
11.86
14.72
11.64
50.61
9.87
12.37
58.13
21.34
21.3
18.58
11.01
11.76
49.94
13.87
26.42
9.11
37.59
17.25
25.16
15.33
12.85
25.33
13.26
18.11
20.01
13.69
11.75
26.28
14.36
12.06
10.65
19.4
12.93
15.61
16.67
10.03
19.98
11.09
11.7
10.58
8.91
11.34
12.53
20.02
12.92
10.43
14.78
17.74
15.64
15.95
14.48
16.84
18.78
14.44
20.1
22.13
11.71
14.03
26.96
29.59
9.37
13.64
37.19
21.73
11.64
15.57
15.84
16.01
18.67
13.57
26.75
39.25
18.87
17.18
17.28
21.44
11.77
14
12.62
15.59
17.13
20.45
8.93
50.38
22.89
12.02
19.97
9.39
42.39
20.01
27.84
15.23
7.2
28.33
15.77
16.58
7.49
17.56
17.29
15.19
19.49
9.25
7.9
42.05
14.09
17.68
11.57
29.23
8.03
13.5
20.32
21.33
23.79
13.81
12.16
13.51
8.95
13.88
28.91
14.84
15.98
18.97
11.15
7.2
6.89
15.62
25.12
12.23
23.1
12.54
12.22
15.73
35.63
21.81
16.49
8.12
41.11
23.88
15.92
7.5
15.39
16.9
10.18
24.22
13.74
9.18
9.78
13.87
9.94
8.2
15.95
25.75
30.4
17.16
16.83
22.94
19.98
18.03
15.59
15.09
60.87
19.46
26.85
45.63
26.2
11.61
9.62
49.32
16.63
22.38
8.08
10.67
24.08
16.43
41.11
14.31
13.29
19.05
14.66
10.96
10.48
10.74
11.97
13.76
22.55
15.69
16.68
13.62
11.82
18.66
14.1
12.39
27.2
23.47
12.34
22.87
15.79
28.23
6.26
16.88
19.04
34.23
36.9
22.82
15.46
15.89
19.07
13.99
12.79
40.31
32.4
10.58
29.93
22.41
12.66
21.37
40.48
11.66
10.45
17.92
13.54
14.05
11.83
39.26
24.28
11.07
16.17
49.21
11.47
11.78
18.59
12.61
34.06
13.75
10.45
11.34
10.04
13.53
17.48
40.47
10.72
28.75
16.07
30.37
16.47
11.23
33.09
25.23
26.89
27.38
33.51
17.77
21.73
11.53
20.19
13.13
14.43
9.67
21.73
20.69
17.25
11.98
32.51
