372.83
260.06
138.41
258.77
612.83
272.41
195.42
594.91
306.56
152.6
70.16
174.1
199.17
72.65
425.44
219.32
223.62
309.78
391.04
290.46
347.63
352.78
150.29
236.15
169.25
112.98
454.57
512.4
158.54
196.37
672.99
162.03
283.23
347.49
108.59
357.25
122.61
216.39
467.65
315.62
251.59
237.69
209.76
163.01
173.58
179.2
1036.3
169.2
881.63
2348.89
68.61
420.8
1328.3
375.64
243.25
148.65
443.46
950.98
289.11
105.43
219.62
1884.25
125.63
235.37
1328.02
452.25
127.68
356.3
164.04
2191.36
329.44
225.29
851.36
174.57
748.11
184.09
841.14
171.22
244.12
673.96
3943.72
157.6
580.01
133.45
313.44
88.74
170.62
118.14
312.24
332.32
92.34
145.64
205.95
224.79
142.28
360.04
222.92
418.5
949.95
259.83
418.51
173.17
270.27
77.87
582.93
164.74
272.46
215.09
267.82
169.53
322.93
147.5
187.66
174.17
366.75
165.8
999.22
488.06
1090.72
860.94
408.58
507.49
247.52
289.35
418.07
222.3
304.22
287.96
1221.04
281.99
393.15
98.69
184.07
172.36
94.47
504.94
587.46
762.23
116.44
492.2
175.37
711.4
206.8
180.42
241.12
186.37
260.25
308.64
298.73
313.13
538.29
1265.21
238.38
629.52
279.79
99.9
300.65
86.33
177.11
285.39
199.25
478.43
553.65
403.21
113.27
104.54
173.06
173.16
159.95
466.72
353.52
150.63
220.42
128.77
732.01
377.34
125.49
377.4
2282.16
222.87
529.44
145.65
681.25
526.42
219.77
238.67
1072.98
272.76
91.1
123.81
292.08
899.12
232.52
504.7
149.44
1166.08
452.95
310.85
86.32
156.75
119.78
130.97
202.05
259.71
824.68
1018.17
451.58
85.19
238.92
101.96
1561.8
338.44
1595.39
234.32
254.89
163.78
365.41
266.63
187.33
808.8
239.85
330.67
96.8
68.04
248.43
255.16
244.94
216.45
560.18
1645.67
163.59
1150.3
183.96
217.89
119.91
226.93
214.29
348.61
232.69
555.5
746.97
552.73
180.04
229.01
305.33
164.41
978.56
254.19
859.48
393.21
139.51
211.16
188.45
620.61
151.59
290.65
132.72
244.34
257.7
331.4
322.86
147.04
160.8
338.09
114.25
97.58
87.22
157.09
391.51
604.96
212.26
441.72
91.5
93.49
317.41
115.04
457.95
193.68
87.08
137.73
191.8
166.67
218.66
260.57
467.9
586.86
206.14
2145.19
250.55
412.65
1139.91
132.76
467.94
341.1
136.47
226.36
537.79
256.99
252.38
180.46
476.31
306.67
242.97
286.38
166.99
171.97
224.14
288.38
310.9
127.13
1416.98
313.77
133.76
117.26
155.74
445.28
620.2
149.34
182.83
320.74
272.1
247.25
134.63
230.47
380.53
206.25
175.37
797.3
154.84
2988.11
2640.01
1035.9
198.99
289.65
115.55
1472.88
1028.8
408.28
95.68
361.04
320.03
286.59
162.7
292.16
115.34
673.63
112.66
98.6
205.78
261.54
179.15
317.7
222.87
124.41
181.01
1171.38
394.56
86.99
581.61
211.81
575.51
244.85
673.74
117.35
204.16
444.6
780.18
346.95
244.21
192.6
158.24
339.84
372.59
260.78
102.82
190.9
678.6
151.74
509.21
406.02
160.25
176.04
191.01
561.13
499.55
156.09
268.05
2646.56
75.68
164.39
111.36
652.28
117.57
144.48
154.51
393.65
207.21
292.1
207.57
286.77
120.07
741.67
284.55
234.49
167.43
225.42
584.03
248.62
821.72
214.46
265.09
312.62
713.12
260.3
908.64
184.69
176.92
375.42
267.46
241.61
145.4
86.73
921.92
1510.77
287.33
140.66
148.57
273.8
515.82
336.5
223.42
231.36
199.78
591.28
364.07
251.77
148.34
211.13
165.71
271.1
417.34
318.35
266.23
424.75
394.52
118.07
228.7
300.47
228.95
356.7
396.66
184.7
224.19
278.66
478.21
432.24
613.46
377.78
279.27
436.18
143.54
201.2
379.57
1405.05
224.42
449.5
1340.58
130.04
741.64
1611.58
942.93
447.34
138.65
130.91
991.18
153.11
153.74
519.57
371.05
178.99
366.15
164.17
107.9
924.57
117.05
448.83
180.56
1158.54
231.32
121.35
653.13
239.21
309.01
323.89
293.8
647.76
579.71
79.98
139.83
168.7
451.38
241.76
150.44
391.16
553.85
981.05
426.65
138.78
274.75
202.15
134.2
184.29
105.9
250.65
224.29
624.54
129.85
708.7
259.73
1383.16
133.72
431.3
332.5
163.42
582.42
700.88
361.01
317.41
350.98
166.67
360.31
341.19
584.36
291.04
312.77
767.23
761.41
224.5
166.14
192.98
106.27
963.99
438.15
135.48
243.97
243.94
219.32
934.2
730.81
184.68
211.09
245.94
1034.17
82.35
285.89
204.54
6887.34
195.95
649.35
110.52
234.37
249.89
140.72
179.6
253.87
197.34
366.8
555.9
287.2
298.53
179.93
202.11
479.12
366.09
101.23
55.26
131.82
198
468.87
528
294.35
436.69
143.71
362.04
468.7
270.91
260.52
449.43
89.09
172.62
335.9
412.8
73.26
300.16
114.2
131.11
230.85
91.43
320.78
232.99
366.29
538.97
482.41
119.48
280.25
422.95
85.94
579.85
133.68
145.83
708.04
529.08
218.12
940.65
136.97
203.01
395.47
319.37
142.02
241.36
192.23
584.8
293.27
362.64
75.67
437.86
395.61
351.24
6181.65
177.97
234.78
417.46
316.77
305.47
211.63
64.72
157.93
245.4
367.96
296.3
196.97
113.93
230.04
131.68
498.85
157.25
276.05
504.07
475.61
162.08
439.98
197.53
91.23
187.73
384.25
273.67
150.56
235.18
441.05
292.57
265.47
949.61
139.37
93.1
311.86
143.82
722.22
231.48
781.73
317.55
231.89
189.16
701.46
528.57
456.72
359.1
269.7
350.84
323.7
487
383.73
188.41
175.05
142.16
336.76
143.64
480.07
250.84
212.4
277.17
330.35
321.8
241.4
238.88
107.75
109.82
449.7
184.54
465.45
399.27
249.12
591.09
358.3
283.81
579.64
493.59
171.72
387.11
145.13
507.69
279.63
167.17
337.21
527.03
130.55
672.34
175.57
108.54
107.04
570.03
214.02
1303.38
634.02
537.3
147.19
67.22
516.22
137.12
114.81
215.96
632.81
65.33
494.48
950.49
215.36
253.7
261.72
132.27
678.13
86.98
180.25
572.13
695.34
179.62
205.66
649.72
604.75
71.83
948.31
179.74
154.67
230.07
226.81
316.36
286.25
102.93
262.08
1473.98
853.54
307.5
464.53
210.68
421.7
296.47
738.27
471.12
222.37
536.24
115.84
444.74
180.79
482.93
436.31
889.13
250.94
132.1
142.27
176.94
67.11
540.41
203.8
1615.67
172.34
270.42
195.93
432.56
338.09
203.34
835.81
353.16
737.23
133.09
198.19
170.46
489.54
296.71
131.29
632.71
469.92
703.59
199.15
139.4
249.87
223.18
300.33
1630.12
130.47
371.46
129.59
130.06
209.55
105.96
130.7
538.04
138.25
332.46
319.46
151.08
412.1
89.67
4869.31
96.55
111.73
398.17
718.92
271.47
252.37
241.71
180.6
105.28
313.16
261.07
277.83
165.51
194.17
214.55
880.16
1720.85
131.35
692.78
185.05
204.02
162.65
374.87
103.77
188.64
624.87
235.48
244
131.02
269.05
190.43
1301.3
433.09
306.95
208.81
285.87
182.43
1127.56
165.94
5782.61
561.9
300.8
177.76
450.24
108.57
393.01
413.38
277.32
302.91
544.57
126.53
371.52
214.98
566.12
223.21
133.44
754.01
203.84
190.82
404.97
1156.29
113.45
403.38
1174.85
92.89
181.51
754.77
307.19
121.4
226.06
260.11
173.99
580.25
434.86
155.65
369.96
256.15
1377.68
174.27
319.24
131.87
2801.86
164.03
193.6
299.56
351.37
675.22
287.77
154.63
138.17
198.57
611.84
203.92
255.66
188.15
235.16
1437.62
157.23
269.37
238.09
261.74
466.24
334.82
154.36
183.27
246.47
349.54
344.2
119.54
351.61
1152.42
200.38
171.58
190.7
322.05
529.72
228.57
106.58
135.28
203.86
132.62
1264.8
231.64
233.06
284.59
288.69
121.71
167.38
178.29
346.88
420.15
274.5
86.2
221.21
362.21
671.94
165.59
187.36
82.22
219.06
807.67
7682.72
165.89
374.6
711.12
337.57
400.03
1739.55
650.2
304.72
846.85
276.51
421.45
484.43
146.33
211.14
243.99
73.86
130.35
347.17
577.02
311.86
242.4
300.74
76.36
716.37
311.28
470.6
347.85
342.94
738.24
417.23
1175.47
580.5
265.79
429.17
219.12
196.42
85.01
