33.456
22.3455
34.9755
20.694
25.6875
22.1795
49.998
35.6685
30.9275
27.3485
21.547
57.2395
30.201
20.524
19.692
31.4375
14.637
26.1725
27.007
20.59
18.9555
19.7655
26.419
28.428
26.1955
25.386
31.331
39.5415
18.453
33.408
22.833
27.266
40.377
440.733
51.224
38.27
28.9565
32.2485
29.0555
21.5885
22.561
34.0105
36.1325
47.757
24.812
33.45
15.721
23.1795
34.63
26.8085
25.495
220.472
30.593
24.943
32.504
18.2205
23.9745
21.3785
27.7675
26.5545
64.626
30.7975
31.361
26.241
24.861
21.9195
34.094
22.3795
15.426
39.4035
19.396
31.2225
45.3685
28.645
20.1605
24.9685
26.7365
40.0445
25.344
23.057
17.724
18.758
21.9215
23.395
30.4355
128.576
19.6105
51.3075
29.6365
35.4055
21.171
31.9165
93.5155
24.7385
58.738
19.475
19.266
58.242
17.493
18.719
