3.19
5.11
3.37
5.36
4.03
4.77
5.04
3.57
4.66
3.93
3.47
5.77
6.36
5.88
2.85
3.08
3.15
4.26
6.03
3.88
6.38
4.98
5.21
5.41
6.79
3.8
4.85
4.7
4.35
4.06
3.67
4.08
4.52
4.4
2.85
11.6
4.51
9.29
4.12
4.22
4.83
6.01
5.73
3.92
3.85
3.08
5.37
5.39
3.65
4.07
2.94
6.78
6.04
3.71
3.27
4.23
4.7
4.41
4.42
3.32
5.88
5.14
7.61
2.33
2.23
3.52
6.41
3.17
3.35
2.93
4.45
2.75
3.82
4.01
3.38
3.18
6.07
6.57
3.67
3.64
4.99
2.95
3.37
4.21
4.3
4.34
4.49
4.08
5.35
3.12
5.18
4.2
3.07
3.91
5.33
3.44
5.46
4.14
4.45
4.83
2.96
10.62
7.42
2.28
4.4
9.4
5.48
6.66
4.7
4.52
3.39
3.27
4.88
4.82
2.71
4.48
3.97
3.74
3.56
2.8
3.77
3.13
4.64
6.42
6.21
4.16
5.45
3.15
3.67
2.86
3.48
3.53
2.89
4.44
2.93
4.63
8.14
4.13
6.79
4.7
2.77
3.52
3.59
5.22
3.63
3.84
4.32
3.21
3.18
4
4.16
4.61
4.15
4.67
3.92
4.37
3.44
6.65
4.85
4.61
3.19
2.6
4.7
3.45
3.18
3.85
4.77
2.84
3.13
3.28
3.47
3.9
3.51
6.19
2.48
5.3
3.66
2.69
3.1
3.16
4.57
3.19
3.27
3.88
4.87
5.01
5.31
3.31
6.49
4.08
3.77
3.19
7.33
2.94
3.01
5.73
2.38
4.37
5.33
4.3
6.62
9.06
3.03
4.47
4.33
6.77
3.94
3.98
4.26
3.28
6.3
2.51
3.83
3.17
3.16
4.25
3.46
4.4
5.63
3.87
3.65
3.94
7.01
4.26
7.02
3.88
3.48
8.07
4.82
3.77
7.75
3.75
4.44
3.81
4.08
4.12
4.92
4.91
5.25
2.98
5.57
5.03
5.29
5.24
4.4
2.72
3.08
3.73
3.44
3.39
2.75
7.31
3.89
4.91
4
3.21
3.85
3.83
5.15
5.04
3.98
3.97
5.9
3.81
4.06
2.67
5.65
4.6
7.19
3.02
9.66
7.31
4.95
3.34
3.85
5.23
4.64
4.32
3.99
4.83
4.32
3.68
2.63
4.24
3.49
3.53
3.74
4.19
3.91
4.09
4.75
4.15
6.49
5.7
5.51
4.08
2.66
3.87
4.91
3.05
4.83
2.65
4.12
3.33
3.92
5.69
3.64
2.85
4.4
5.52
3.11
4.67
4.94
4.87
3.7
4.58
4.58
4.44
2.21
3.81
4.26
2.93
7.81
14.28
2.81
3.21
3.2
7.39
6.23
4.48
3.08
4.36
5.07
3.77
5.33
3.91
5.76
4.71
3.82
2.55
3.78
3.7
5.42
5.44
3.2
3.43
7.67
2.84
3.55
5.65
6.24
4.22
3.94
2.88
3.53
3.96
4.53
3.43
3.93
4.33
7.61
3.75
4.47
5.77
4.36
3.48
6.33
3.88
2.8
2.35
6.25
4.72
3.33
3.61
3.47
3.27
4.63
2.93
3.78
4.56
5.16
6.26
2.85
3.56
3.79
4.7
4.78
2.53
4.28
5.39
3.63
3.69
4.48
3.97
4
3.76
3.9
3.23
5.36
2.85
5.12
4.21
3.87
4.76
2.64
6.24
8.54
4.05
4.29
4.23
2.96
3.62
4.1
4.53
7.64
5.92
4.17
6.6
4.6
4.3
3.89
3.37
4.86
5.09
6.82
7.7
4.75
4.01
2.62
3.52
4.05
3.69
2.93
4.27
5.23
2.89
3.49
3.59
3.15
5.63
2.91
3.11
3.65
2.53
3.25
4.64
5.03
4.51
4.13
5.33
5.02
7.07
3.98
4.54
6.23
3.71
4.59
3.43
4.37
10.36
3.13
4.38
4.09
5.34
2.99
5.16
6.69
3.94
6.78
3.67
3.69
3.87
7.02
6.27
3.64
3.62
4.39
3.44
6.27
3.24
36.49
4.44
4.88
4.24
3.47
5.34
5.89
4
6.07
3.75
7.32
2.88
3.5
4.61
2.71
3.7
2.93
3.67
4.57
4.67
2.95
4.88
3.11
5.91
4.53
2.69
2.81
3.37
3.96
6.95
5.35
4.26
7.18
5.14
3.17
7.08
4.36
5.1
5.83
3.38
5.84
2.68
3.48
4.69
6.76
4.32
7.9
2.75
2.87
3.75
3.33
4.24
6.22
3.1
2.88
5.96
3.63
10.29
6.3
4.2
2.94
3.49
3.46
6.83
3.14
2.83
3.93
7.97
5.79
6.11
3.52
4.12
3.27
6.43
3.54
3.3
2.65
4.63
3.96
3.79
5.7
4.07
3.78
3.41
3.52
2.33
4.33
5.19
4.31
2.9
4.21
3.69
5.18
3.32
4.98
3.52
3.94
3.46
2.86
3.3
3.71
6.25
5.49
5.67
4.66
2.76
2.89
3.41
5.42
4.49
3.49
4.57
3.95
4.54
3.19
3.11
4.69
3.77
7.01
5.99
4.24
3.81
3.34
4.41
4.17
3.84
3.18
4.43
3.44
8.46
3.14
5.91
4.31
3.54
4.87
5.15
3.9
9.44
2.92
5
8.22
3.24
3.12
5.12
3.79
6.49
3.37
5.07
4.83
5.09
3.75
4.59
3.48
3.48
3.73
5.01
8.45
4.11
5.8
3.81
4.02
4.14
5.67
2.87
5.39
3.38
4.84
3.53
3.86
3.81
6.75
5.79
4.87
4
3.26
4.59
5
2.89
3.81
4.01
6.16
4.61
4.62
5.12
4.7
5.06
6.52
5.31
4.95
4.67
3.91
4.41
6.1
6.32
2.72
2.74
7.41
8.96
3.37
5.36
3.17
6.91
4.79
3.64
3.4
4.18
3.83
7.44
5.13
4.19
11.63
3.89
6.97
3.28
3.01
2.2
2.76
3.85
5.91
9.34
2.27
3.83
4.93
5.02
3.05
2.84
5.76
3.3
5.83
4.79
3.98
5.5
4.72
4.67
5.23
3.11
4
3.2
4.6
3.06
4.94
18.47
4.54
3.68
4.48
4.49
3.14
2.87
5.53
4.96
3.62
3.94
4.08
3.06
3.16
3.07
3.13
3.37
4.75
4.67
7.32
2.64
4.58
3.85
4.43
4.67
5.9
3.4
3.97
3.43
3.62
4.49
3.73
6.25
4.53
2.92
3.66
5.07
3.34
3.87
4.39
4.64
5.24
3.15
4.85
6.14
3.79
4.51
2.92
3.02
5.25
7.44
5.5
3.86
3.74
3.88
7.27
4.41
4.36
3.89
4.99
3.32
5.64
3.4
3.68
5.21
3.58
3.09
4.65
3.6
8.82
8.9
4.61
3.98
4.37
5.43
3.52
4.09
3.32
3.12
8.43
4.56
4.61
5.22
2.79
6.82
2.94
3.2
3
2.92
3.48
3.41
3.18
7.94
3.18
4.37
4.01
6.09
4.08
2.79
4.41
5.03
2.55
2.97
3.47
3.82
5.3
2.24
5.1
3.28
2.47
5.3
2.36
3.06
4.36
13.59
5.83
3.98
4.08
3.87
2.97
3.01
5.38
4.5
5.38
3
5.31
7.99
3.3
3.23
5.25
3.35
5.85
4.62
3.95
4.8
3.6
3.1
3.22
4.13
2.95
5.76
3.12
2.89
4.95
3.13
3.73
2.45
2.33
5.46
4.01
4.12
3.45
3.37
3.42
4.2
3.43
4.76
2.1
5.95
2.97
4.42
6.64
4.8
4.67
6.04
5.21
5
3.61
3.45
2.92
2.91
3.83
3.9
6.03
4.81
4
4.2
5.56
4.03
3.51
5.72
3.66
5.46
4.28
2.9
3.04
4.8
7.79
3.01
3.45
3.57
3.84
4.56
3.6
5.76
4.13
3.16
5.65
7.92
9.67
4.37
3.63
3.1
7.63
3.36
4.08
3.93
4.51
3.44
3.41
2.72
3.36
4.74
3.5
5.62
4.01
4.69
2.84
3.92
4.23
3.98
2.5
3.89
4.79
9.2
4.16
4.72
2.95
6.14
6.37
3.33
5.93
2.46
3.14
4.2
3.87
5.16
3.26
2.55
3.27
4.25
3.67
10.02
3.21
3.54
2.64
2.85
6.55
3.65
3.7
9.21
6.6
2.87
3.72
3.86
5.59
7.73
2.63
5.11
3.28
3.93
2.58
3.35
3.32
10.52
11.24
3.37
3.65
4.48
4.58
5.65
3.33
4.27
3.33
3.27
3.6
2.99
3.6
4.62
