5.98
3.53
4.84
4.31
4.69
3.46
5.13
3.13
4
4.23
4.13
3.31
3.82
8.21
2.66
2.76
3.9
2.78
2.84
3.78
4.9
3.8
2.93
3.39
3.6
6.35
5.35
3.9
3.52
4.17
4.14
5.46
3.4
2.99
6.03
3.81
6.98
7.49
6.99
4.04
3.63
4.67
2.81
3.22
3.24
3.87
7.41
4.82
7.77
3.23
2.58
8.93
3.61
6.61
4.47
3.65
3.6
3.55
5.32
3.25
2.83
5.51
3.42
2.67
4.33
6.78
4.18
4.07
2.69
3.84
3.09
3.58
4.89
3.29
3.86
3.64
3.67
6.67
3.65
3.8
3.21
2.51
4.02
8.75
3.45
6.39
4.34
4.67
4.3
2.94
3.85
4.47
2.95
4.49
4.76
3.74
3.91
5.13
3.76
7.29
3.32
2.98
3.9
6.73
5.43
4.16
3.51
4.96
5.04
4.75
6.12
4.24
3.15
2.65
3.79
4.2
6.47
4.27
5.91
4.17
3.04
3.19
3.06
4.29
3.85
3.64
4.36
2.77
4.65
3.51
3.44
5.81
4.53
9.38
7.1
4.04
4.98
3.83
7.1
2.89
4.52
5.95
4.63
4.05
6.63
3.37
4.23
9.68
3
3.54
4.6
3.38
3.74
2.35
4.9
5.12
3.69
3.42
4.42
3.88
3.97
7.05
3.38
4.84
4.03
4.38
9.77
3.34
2.97
4.4
3.12
7.07
2.91
5.28
12.11
4.13
6.37
3.6
2.63
4.92
3.35
3.82
3.07
5.08
3.04
4.61
5.44
3.49
2.98
2.53
5.01
4.11
5.51
4.93
3.8
2.78
3.4
3.73
4.12
2.94
3.97
4.42
5.15
3.87
8.09
5.56
3.03
5.11
5.29
3.72
3.98
3.31
4.35
4.33
4.61
4.43
3.24
4.07
4.84
3.12
5.69
3.44
4.69
3.25
7.94
3.06
5.89
3.14
4.74
4.02
4.5
3.44
5.05
3.42
3.53
3.3
3.47
3.61
5.71
3.93
3.41
4.92
4.54
3.92
4.2
3.79
3.18
3.62
5.19
3.68
3.4
7.19
4.23
3.77
2.8
11.41
3.27
4.38
4.18
4.51
4.59
4.49
3.84
3.59
4.86
6.12
4.66
3.01
4.71
15.42
3.56
4.64
2.83
2.56
4.24
4.24
3.95
4.52
3.55
2.51
4.21
2.96
5.4
3.91
3.09
13.46
4.44
2.95
4.62
10.46
3.42
5.61
4.59
2.82
4.28
4.05
5.9
3.49
4.58
6.35
3.84
5.95
3.34
3.7
3.93
3.87
3.15
5.37
2.81
5.99
3.77
2.8
3.62
3.25
4.05
3.33
4.76
4.76
3.11
7.85
3.49
3.55
4.4
4.99
2.7
3.27
4.04
11.65
7.16
6.86
2.78
3.05
6.91
18.69
3.56
3.36
3.41
3.05
4.33
4.5
3.93
3.45
4.58
5.29
4.03
4.78
3.72
3.72
3.14
4.31
3.7
6.15
3.75
3.65
3.48
2.47
3.37
2.93
5.28
3.43
3.27
3.96
5.3
5.59
7.22
4.86
5.97
4.98
5.58
3.46
4.97
2.93
2.92
5.46
6.19
4.83
3.26
2.77
4.71
4.5
5.72
3.93
3.58
5.8
5.28
3.55
3.88
3.59
5.16
3.05
3.78
3.47
3.4
5.49
10.54
4.33
3.64
2.71
3.99
3.94
4.19
3.93
4.03
8.32
3.98
3.18
4.45
4.73
3.99
4.51
12.06
5.04
3.63
3.74
3.26
7.21
8.39
3.95
9.29
4.74
5.37
4.72
8.43
7.17
4.18
8.64
4.15
3.78
5.08
5.32
3.92
5.18
2.74
3.11
6.69
3.25
3.87
3.31
4.75
5.04
4.37
6.11
3.38
3.8
5.05
3.44
5.69
6.01
4.42
4.44
3.83
5.48
4.14
4.53
3.63
2.88
4.66
5.95
3.66
7.51
2.55
4.55
3.37
4.43
3.22
3.93
4.05
2.47
6.77
2.41
2.85
5.79
4.56
2.78
4.91
3.45
5.2
2.82
2.18
3.1
4.48
5.01
7.44
3.51
9.58
3.08
4.32
2.97
3.33
6.41
5.87
2.4
4.2
3.81
4.42
3.83
5.53
3.76
3.77
6.09
4.97
3.68
2.66
4.1
3.21
5.12
8.65
3.91
3.77
4.34
3.26
2.87
3.6
3.08
7.23
5.41
8.66
4.95
9.87
4.83
5.2
6.54
4.79
3.82
6.2
3.53
4.76
4.24
5.58
3.26
4.08
3.32
2.8
2.95
5.53
4.23
4.22
4.03
4.26
5.13
3.57
6.2
4.9
20.25
3.54
3.83
3.93
3.1
2.86
3.86
3.27
3.37
3.32
2.73
5.15
4.98
5.09
6.49
4.01
6.11
3.39
5.68
3.03
3.05
4.44
5.38
3.99
3.65
4.93
5.02
8.68
5.74
2.96
5.17
5.16
4.2
5.25
5.12
2.85
4.64
4.35
2.59
6.19
3.44
3.12
3.51
3.82
4.54
5.65
5.07
2.74
3.03
3.71
3.46
4.1
4.59
3.44
4.43
5.13
3.65
4.79
2.62
5.44
4.86
4.73
3.3
3.71
6.3
3.35
2.99
2.71
3.51
4.19
7.66
3.35
4.21
3.51
4.18
5.46
4.21
11.51
5.73
4.81
3.52
3.71
3.58
3.99
4.26
3.96
3.34
3.6
4.42
3.17
2.79
2.99
3.07
5.6
3.71
3.51
3.73
4.36
14.38
3.39
3.44
6.28
3.63
3.74
4.55
4.31
3.68
3.23
4.46
3.5
4.39
3.54
3.64
4.18
3.42
5.44
3.01
6.04
8.48
3.04
4.07
5.55
4.34
4.38
6.84
3.93
4.21
3.84
4.1
2.81
2.96
2.76
5.2
6.11
4.38
4.81
2.94
3.33
5.4
7.75
3.56
3.79
5.16
8.28
3.81
4.08
8.61
4.14
3.57
3.55
6.4
3.27
3.55
3.94
3.12
5.33
4.71
7.64
4.88
4.41
3.35
3.66
5.16
3.65
7.05
5.56
4.36
4.05
3.26
3.69
3.39
2.8
2.96
5.92
3.88
4.45
3.74
3.91
4.89
6.02
3.13
3.49
2.97
3.19
8.89
2.92
5.17
2.69
4.2
4.21
4.12
3.84
4.71
3.41
11.98
4.53
4.8
3.3
3.13
4.71
2.82
3.96
3.41
3.72
3.22
5.34
15.7
3.14
5.07
3.57
4
2.49
2.62
17.28
4.49
4.61
4.55
3.37
3.75
3.46
3.83
2.89
4.34
3
10.05
4.71
3.7
4.96
2.87
2.93
3.28
3.55
2.81
4.25
2.76
2.77
5.08
6.12
2.73
5.79
3.36
3.39
3.5
5.01
4.17
3.38
3.85
3.33
3.18
13.21
13.23
4.04
3.49
2.7
3.64
3.85
4.54
4.01
3.25
4.5
4.77
2.91
4.37
4.53
4.77
4.83
4.42
3.03
6.34
5.12
3.28
5.93
4.69
4.3
3.79
4.71
3.53
4.74
2.52
3.02
4.56
5.48
3.57
5.81
3.32
3.31
4.53
3.54
4.5
5.62
5.56
5.54
3.07
2.47
2.84
4.17
5.49
5.09
4.5
3.06
3.91
4.36
7.26
3.99
3.81
4.17
4.7
4.37
3.49
6.01
3.23
3.55
3.83
5.48
3.44
3.5
5.04
2.91
3.15
3.62
3.47
3.13
3.12
3.48
3.46
10.07
9.15
4.48
9.09
2.71
4.78
4.08
3.51
3.14
4.49
3.47
11.87
3.26
2.26
3.92
3.91
3.76
5.55
2.65
2.97
3.52
4.04
7.15
6.09
3.68
2.81
4.96
5.31
7.72
3.16
3.95
3.91
3.79
3.87
7.46
3.95
4.38
4.74
3.72
3.62
3.48
5
4
5.34
5.37
9.55
3.54
3.06
3.79
3.51
4.39
2.79
4.69
3.65
4.99
3.26
4.44
3.93
2.7
2.88
4.63
3.16
4.21
7.72
2.99
4.5
4.16
3.19
3.53
4.18
5.22
2.48
5.14
3.5
4.71
6.44
3.8
4.22
4.52
2.87
2.99
11.05
4.7
2.93
6.36
3.13
4.82
2.87
3.61
4.99
2.7
2.78
3.35
3.08
3.43
3.66
4.19
2.68
4.17
3.32
3.1
4.94
3.32
4.49
3.26
7.25
4.41
5.77
3.52
3.76
3.59
2.19
4.39
6.8
3.55
4.2
4.24
3.73
3.66
4.15
4.52
3.96
6.94
3.96
4.05
2.48
3.44
3.77
4.06
2.86
9.1
4.98
