2.78
5.17
3.41
3.69
4.42
3.44
3.89
4.6
3.37
3.78
5.23
3.59
5.16
3.28
3.91
3.99
4.03
3.53
4.58
5.1
4.26
3.73
4.85
3.63
4.21
4.18
3.27
3.66
3.51
5.06
4.57
4.48
4.24
3.98
3.7
3.79
3.39
3.29
3.93
4.07
3.87
4.48
3.74
4.53
3.73
3.66
3.45
3.22
3.87
4.26
3.83
3.72
3.58
3.48
4.97
3.62
4.63
3.99
4.26
3.69
4.54
3.27
5.29
3.22
3.75
3.48
3.92
4.76
3.52
3.74
5.27
3.54
4.05
3.74
3.68
3.51
3.73
3.82
3.43
3.25
3.5
3.89
3.82
4.16
3.45
3.49
3.79
3.41
4.12
3.64
3.8
4.05
3.11
4.08
3.53
3.5
3.65
4.04
3.55
4.31
3.27
3.82
3.41
3.68
3.68
4.28
3.9
3.98
3.93
3.35
3.27
3.27
4.03
4.31
4.46
3.49
3.27
4.02
3.54
3.59
4.16
3.7
4.04
4.05
3.09
4.25
4.19
3.78
4.88
4.25
4.09
3.63
4.42
3.32
4.15
3.27
3.85
3.53
4.11
4.16
5.27
3.36
3.19
3.81
4.34
3.75
3.62
3.65
3.41
3.05
3.85
3.69
3.72
3.84
3.64
3.33
3.88
3.19
3.91
4.17
3.45
3.39
3.65
3.75
3.51
3.9
3.36
3.29
3.92
3.6
3.9
4.16
3.84
4.1
3.78
4.37
4.39
3.57
4.33
3.48
3.57
3.78
3.23
3.46
3.4
3.99
3.95
4.13
3.69
4.92
4.02
3.4
3.63
4.56
3.93
3.75
3.53
4.23
4.3
3.26
3.76
3.61
3.74
3.73
3.55
3.51
3.5
4.56
3.63
4.61
3.53
3.84
3.53
3.53
4.61
3.46
3.6
3.57
4.31
3.86
3.79
3.84
3.95
4.41
4.26
3.81
4.09
4.07
3.67
3.83
3.83
4.62
4.07
3.45
4.73
4
3.19
3.86
4.51
4.26
3.4
4.19
4.01
3.36
3.93
6.89
3.32
3.84
4.18
3.25
3.83
4.21
4.2
4.32
3.9
5.2
4.11
4.16
3.9
4.56
3.87
3.89
4.01
3.22
3.67
4.07
3.9
3.87
3.15
3.31
3.77
3.4
3.95
4
3.93
3.62
3.98
3.83
4.14
3.52
3.99
4.34
4.11
3.81
3.49
4.34
4.2
4.21
4.06
4.28
4.54
3.72
3.83
3.86
3.41
4.06
3.76
4.32
3.33
3.76
3.43
3.15
4.18
4.09
3.29
4.69
3.34
4.37
3.7
3.85
3.22
4
4.12
4.89
3.98
4.05
4.11
3.6
3.6
3.98
3.83
3.93
4.24
4.57
3.42
3.51
3.94
3.66
3.99
4.9
3.52
4
3.69
3.59
4.62
4.19
3.54
3.9
3.84
3.71
3.41
3.6
4.21
3.02
3.55
3.48
3.77
3.36
3.48
3.68
3.66
3.32
3.41
3.53
3.58
3.77
3.55
4.39
4.75
3.98
3.68
4.68
3.37
3.67
4.21
5.3
3.44
3.6
3.58
3.6
5.23
3.78
3.6
3.84
3.46
3.41
4.26
5.01
4.98
3.91
3.56
4.26
3.48
4.37
4.44
4.15
3.48
3.77
3.68
3.62
4.49
3.6
3.66
4.01
3.61
5.26
3.93
3.61
4.27
3.36
3.64
3.56
4
4.1
3.69
3.4
3.59
4.85
3.53
3.07
3.31
4.46
4.32
4.35
4.04
3.45
4.07
5.26
4.7
3.81
3.26
3.48
3.74
3.81
3.85
4.62
5.08
3.64
3.93
3.19
3.41
3.64
3.48
3.85
4.35
3.43
4.98
3.49
4.68
4.6
4.7
3.55
3.64
3.81
3.48
3.87
4.19
3.56
4.4
3.98
4.28
3.59
3.56
3.92
3.47
4.34
3.5
5.2
4.12
3.34
3.43
3.39
3.43
4.04
5.25
3.55
3.77
4.27
3.88
3.68
3.29
3.99
3.32
3.49
3.31
4.03
3.91
5.68
3.84
3.4
3.48
3.99
3.88
3.91
3.56
3.65
4.32
4.38
3.67
3.26
4.09
3.71
4.33
3.58
3.6
3.66
4.01
3.98
4.31
3.85
4.56
6.04
3.84
3.31
3.24
4.23
3.95
3.79
3.97
5.09
3.75
4
3.2
3.94
4.19
4.03
3.57
4.54
3.86
4.21
3.46
4.14
4.14
3.57
4.46
4.25
4.87
3.47
4.1
3.28
3.43
3.29
4.19
3.91
4.38
3.9
4.18
3.51
3.44
3.35
3.58
4.29
3.73
3.72
4.28
4.88
3.66
3.45
4.46
3.48
3.91
3.73
3.8
3.44
3.61
3.04
3.49
4.1
3.78
3.71
3.82
3.41
3.79
3.52
3.73
3.43
3.82
3.8
3.71
4.21
3.48
3.99
4.2
3.43
3.58
3.58
3.61
3.64
4.41
3.98
4.09
3.16
3.9
3.27
4.21
3.3
3.74
4.11
4.67
5.53
3.43
3.84
3.84
4.21
3.81
3.62
4.33
4.79
3.49
3.94
4.05
4.21
3.34
3.92
3.51
3.95
4.13
4.13
3.66
3.25
4.02
3.57
4.51
4.65
3.85
3.75
3.64
3.95
3.88
4.4
4.82
4.68
3.33
4.12
3.67
4.28
4.15
3.38
3.48
4.03
3.65
3.68
3.92
3.6
4.17
3.69
3.65
4.08
4.73
4.31
3.7
4.1
3.82
3.25
3.74
4.31
4.07
3.35
3.69
3.85
3.88
4.03
3.66
3.66
3.56
3.82
3.78
3.9
4.25
3.55
3.83
4.49
3.75
3.75
3.14
3.3
3.35
3.5
3.63
3.42
4.61
3.81
4.46
3.78
4.19
3.36
3.36
4.36
4
3.35
3.55
3.02
3.95
4.27
3.52
4.14
4.07
3.72
4.17
3.59
3.75
3.83
3.98
3.36
3.7
4.31
3.44
5.49
3.86
3.58
4.32
3.68
3.46
3.37
3.92
3.88
3.78
3.36
4.07
3.4
4.9
4.36
2.99
3.32
3.91
4.44
3.23
4.54
4.39
4.74
4.26
3.73
4.15
3.67
3.97
4.1
3.28
3.55
3.53
4.25
4.03
3.46
3.44
4.03
3.57
3.71
3.37
4.44
3.05
2.98
3.74
3.98
3.24
3.97
3.44
4.58
4.75
3.8
3.42
3.81
3.56
3.49
4.2
3.68
3.88
4
4.46
4.91
3.6
3.98
3.73
4.1
3.67
3.9
3.68
3.96
5.61
4.51
3.37
5.09
4.5
4.05
4.8
3.72
4.16
3.81
3.49
3.41
3.29
3.25
3.9
3.8
3.98
4.65
3.29
3.9
3.72
3.99
3.39
3.61
3.16
4.18
4.91
3.44
3.68
3.99
3.79
3.7
3.74
3.79
3.47
3.75
4.6
3.26
3.38
3.89
4.07
3.3
3.72
4.19
4.89
4.28
4.2
3.47
3.63
4.01
3.91
3.7
4.63
3.56
3.57
4.22
3.39
3.35
4.25
4
3.75
3.47
4.28
3.65
4.44
3.28
3.26
3.93
3.94
4.6
3.56
4.55
4.83
3.32
3.92
3.83
3.85
5.42
4.51
4.07
3.52
4.5
4.06
3.33
4.12
3.89
3.32
3.53
3.75
3.35
3.39
3.86
3.16
3.54
3.79
3.6
3.85
3.58
3.6
3.45
3.68
4.44
3.6
3.93
4.15
3.9
4.37
4.69
4.2
3.77
3.56
3.26
4.12
3.93
4.17
4.81
4.02
3.9
3.58
3.98
3.69
4.92
4.12
5.76
5.05
5.08
3.55
3.51
3.77
3.42
3.36
4.17
4.04
4.35
3.45
4.3
3.69
3.54
3.79
4.19
4.2
3.2
3.95
3.67
3.76
3.74
3.55
4.46
4.22
4.22
3.85
4.66
3.32
3.76
3.7
3.26
3.39
3.08
3.28
3.49
3.53
3.69
4.22
4.17
3.83
4.19
3.41
4.44
4.02
4.08
3.04
3.47
3.65
4.19
4.22
4.3
3.9
3.62
3.61
3.32
4.06
3.41
4.09
3.79
3.14
4.08
3.83
4.15
3.82
3.78
3.55
3.52
3.81
3.23
3.63
3.1
3.46
4.35
3.69
4.64
3.65
3.9
3.63
3.61
3.71
4.25
3.82
3.95
3.77
3.69
3.69
4.43
3.57
2.98
3.28
4.02
3.71
4.01
3.3
3.26
3.93
3.95
5.87
4.17
4.1
3.55
4.76
3.46
3.93
4.34
3.55
4.13
3.96
3.26
4
3.4
3.28
4.33
3.81
4.31
3.38
3.55
4.28
4.66
3.8
4.2
3.46
3.65
3.24
4.06
4.74
3.1
3.41
3.96
4.31
3.72
4.31
3.84
3.73
3.63
3.99
4.32
4.26
3.6
4.32
3.38
4.13
3.29
3.68
4.04
3.79
4.06
3.62
3.57
3.05
3.65
3.66
4.75
4.48
4.14
3.38
4.19
3.7
3.35
3.71
4.07
3.7
3.71
3.89
3.82
4.39
3.74
3.55
3.29
4.11
3.7
4.07
4.12
3.56
3.57
2.92
3.97
3.53
3.2
3.45
3.64
4.15
3.95
4.21
5.17
4.05
4.17
3.58
3.72
3.36
3.47
3.98
3.82
3.69
3.3
3.8
3.5
4.49
4.69
3.9
4.52
3.88
3.67
3.52
4.11
3.39
4.33
4.75
4.14
4.61
3.6
3.5
3.57
4.17
4.3
4.26
3.39
4.12
3.32
4.54
2.98
4.24
5.02
4.31
4.08
3.95
3.79
3.52
3.39
3.96
3.96
3.63
3.65
3.84
3.55
4.62
3.96
4.21
3.9
3.46
3.25
4.11
3.88
4.65
3.84
4.05
4.35
3.61
3.78
3.32
4.43
3.8
4.27
4.08
3.52
3.74
3.63
4.49
3.35
3.53
3.63
3.57
3.62
3.69
4.31
3.84
3.74
3.94
4.29
4.08
3.95
4.1
3.76
4
3.81
3.57
4
3.61
3.48
4.01
3.67
3.72
4.1
4.73
3.77
3.49
3.86
4.57
3.67
3.62
3.56
3.23
4.15
3.26
3.86
3.38
3.49
3.91
4.01
4.41
3.19
4.73
3.64
3.32
3.4
3.52
4.3
4.48
4.14
3.59
3.54
3.8
4.07
3.65
3.9
4.3
4.04
3.73
3.86
3.4
3.98
4.64
3.32
3.32
3.71
3.83
4.58
3.82
4.85
3.92
4.18
4.03
2.96
4.05
3.43
3.51
4
4.29
3.28
4.13
3.54
3.99
4.21
3.65
4.38
5.07
4.36
3.32
3.16
3.28
3.99
3.74
3.55
4.15
3.78
3.38
3.75
3.42
3.54
3.39
4.67
4.13
3.04
4.36
4.39
2.93
3.54
4.07
3.81
3.79
3.24
4.19
3.16
4.33
3.78
3.78
3.41
4.8
3.36
3.84
4.07
3.42
5.3
4.35
4.14
3.51
3.48
3.53
4.38
4.66
3.98
3.77
3.5
3.09
3.45
3.36
4.49
3.51
3.69
4.03
3.65
4.23
4.09
4.47
3.22
4.73
4.02
3.82
3.38
3.63
3.76
3.25
3.78
3.4
3.38
4.09
4.03
3.53
3.34
3.91
3.64
3.7
3.75
4.14
4.46
3.53
5.06
4.33
3.81
4.43
4.33
3.36
3.35
3.59
3.69
3.54
4.25
5.04
4.47
3.48
4.3
4.78
3.99
3.7
3.9
3.62
4.32
3.55
3.95
3.7
3.89
3.44
4.32
4.11
4.88
4.52
3.76
3.46
4.41
4.04
3.98
4.17
4.34
4.08
3.88
4.35
4.18
3.47
3.68
3.66
3.64
3.22
3.65
4.78
4.28
3.7
3.97
3.54
3.52
3.89
4.22
3.57
3.36
3.86
4.23
3.55
4.83
3.71
3.29
4.21
4.35
4.04
4
3.13
3.75
3.37
4.1
3.92
3.85
4.06
3.71
3.63
4.67
3.61
4
4.04
4
3.61
4
3.8
3.6
3.48
3.5
3.47
4.3
3.75
4.02
3.31
3.75
3.49
3.56
3.73
4.38
3.42
4.97
4.16
4.22
4.3
4.55
3.37
4.15
4.18
3.61
4.01
3.51
3.78
3.77
3.7
3.78
4.04
3.99
3.63
3.98
4.23
4.6
4.29
3.71
3.81
4.27
3.09
3.77
4.13
7.76
3.88
3.79
3.97
4.34
3.87
3.89
3.53
3.87
3.75
3.92
3.38
3.53
3.8
3.4
3.76
4.02
4.32
3.55
3.59
3.9
3.58
3.86
3.92
3.68
3.19
3.61
3.26
3.3
3.75
4.15
3.82
3.69
3.6
3.98
3.74
4.12
3.68
3.59
3.29
3.89
3.57
4.78
3.36
4.35
3.92
3.82
3.53
3.64
3.42
3.56
3.39
4.03
3.91
3.61
3.71
3.56
4.1
3.93
3.18
3.57
3.56
3.92
3.55
3.7
3.53
3.37
4
3.33
3.89
4.3
4.03
3.75
4.21
3.8
4.18
3.57
3.63
3.95
3.72
4.24
5.19
3.33
3.69
3.69
4.09
4.01
3.72
3.6
3.64
4.19
4.41
3.79
3.21
4.25
3.97
3.69
4.25
3.48
3.99
3.88
3.35
3.72
3.55
3.72
3.46
4.25
3.69
3.35
3.78
3.19
3.18
3.73
3.57
4.16
4.56
3.47
4.08
3.83
3.99
3.74
4.74
3.78
4.33
3.72
4
3.63
3.37
3.66
4.51
3.88
3.51
4.23
3.62
4.16
4.35
3.37
3.68
3.65
4.45
4.14
4.16
3.76
4.22
3.53
3.54
3.57
4.31
3.35
3.82
3.68
3.92
3.47
4.34
3.68
3.66
3.72
4.57
3.95
3.39
3.38
4.24
3.51
3.42
3.57
4.14
3.51
3.41
3.88
3.65
4.01
3.45
3.9
3.31
3.53
5.45
3.74
3.48
3.55
3.42
3.46
3.58
3.68
3.45
3.99
4.04
4.5
3.29
4.3
3.59
3.97
4.78
3.49
3.92
4.08
3.68
3.31
3.42
3.5
3.2
4.63
4.17
3.69
4.06
4.17
3.68
3.84
4.03
3.32
4.17
3.3
3.48
3.64
3.69
3.95
3.69
3.47
3.61
3.57
4.75
3.82
4.47
3.74
4.05
3.85
3.94
4.33
3.34
3.71
3.79
3.46
3.8
3.51
3.6
4.15
3.93
4.19
4.14
3.59
3.3
3.47
4.1
3.45
4.14
4.86
3.8
4.08
3.03
3.57
3.41
3.6
4.39
3.77
3.96
3.4
5.08
3.65
3.24
3.62
4.08
3.59
4.03
3.66
4.07
3.94
3.31
3.81
3.76
3.49
3.64
3.68
3.56
3.83
3.8
3.6
4.17
4.27
3.46
4.16
4.11
3.65
5.03
4.58
3.91
3.79
3.73
4.6
3.09
3.33
3.6
3.97
4.27
3.57
3.89
3.13
3.64
4.24
4.02
3.74
4.34
3.67
3.94
4.11
3.58
3.35
3.59
4.38
3.25
5.14
3.44
3.78
3.77
3.79
3.66
3.82
3.72
3.9
3.43
5.01
3.41
4.33
3.88
3.78
4.48
3.45
3.75
4.5
3.91
4.18
3.14
3.4
4.11
4.79
3.55
3.56
3.51
3.76
3.82
4.18
3.43
3.56
4.24
4.63
4.47
3.46
3.43
5.15
3.47
3.74
4.65
3.8
4.31
3.96
3.5
3.12
4.73
4.1
4.17
3.73
3.68
3.26
3.41
4.06
4.98
3.77
3.63
4.15
4.34
3.72
3.68
3.8
4.68
3.44
4.5
3.47
3.89
3.34
4.65
4.76
3.46
3.68
3.79
3.76
3.55
3.86
4.42
3.65
4.03
4.83
3.18
3.91
2.9
3.71
3.73
4.04
3.84
4.65
3.57
3.36
3.9
3.52
4.08
3.77
3.7
3.66
3.47
3.46
3.91
4.58
4.12
3.52
3.21
3.98
4.73
3.57
3.77
3.69
3.26
3.32
3.64
3.71
4.12
3.96
3.4
3.77
3.86
3.05
3.68
5
4.57
4.08
4.16
3.71
3.28
3.66
3.33
3.73
4.3
4.54
4.15
3.99
3.8
4.27
3.35
4.33
3.65
3.51
3.84
3.62
3.99
4.3
4.35
4.42
3.58
3.95
3.87
3.25
3.38
3.75
3.86
3.64
4.01
3.93
3.6
4.02
3.88
3.45
3.35
3.55
4.95
3.47
3.55
4.37
3.66
3.65
3.54
3.32
3.65
3.53
3.42
4.16
3.98
4.15
3.95
4.18
3.81
3.55
3.84
3.42
4.12
4.25
4.59
4.15
3.7
3.76
3.67
3.47
3.67
2.95
4.04
3.79
4.14
3.61
4.11
4.57
4.59
4.17
4.23
4.5
3.35
3.91
3.23
3.21
3.86
4.71
4.89
3.6
4.34
4.4
4.72
3.66
4.7
3.46
3.78
3.65
4.91
3.58
3.38
3.8
3.91
4.39
3.9
3.89
3.72
4.21
4.16
3.8
4.18
4.17
4.63
4.4
3.4
4
4.11
3.61
4.52
4.74
4.55
3.7
3.5
4.03
3.79
3.74
3.46
3.97
4.61
4.31
4.34
3.6
4.03
3.69
3.57
3.07
4.49
3.19
3.85
3.32
4.47
3.93
4.3
4.19
4.11
4.22
3.34
3.66
3.67
4.61
3.05
3.04
5.05
3.02
3.05
3.79
4.38
4.02
4.49
4.29
4.16
3.91
3.86
3.83
4.13
3.55
3.54
3.99
3.79
3.06
3.65
3.14
3.65
3.28
4.07
3.52
4.83
3.66
3.9
4.1
4.28
3.56
3.71
3.8
4.49
3.22
4.2
3.28
3.84
3.82
3.85
4.61
3.45
4.71
3.6
3.51
3.71
3.21
3.69
4.15
5.17
3.69
3.34
3.81
4.11
4.03
3.86
5.26
3.67
3.49
4.01
3.68
4.25
4.29
4.22
3.75
4.03
3.72
4.68
3.43
3.71
4
3.32
3.64
3.72
3.81
4.31
3.45
3.53
3.95
4.75
4.18
4.47
3.53
3.66
3.47
3.55
3.85
3.85
3.23
4.1
3.85
3.47
4.71
3.85
4.04
4.09
3.43
3.96
3.81
3.36
3.64
3.52
3.41
4.08
3.61
3.92
3.55
4.36
3.67
4.07
4.31
3.97
4.89
3.11
3.56
4.01
4.03
5.95
4.12
4.35
3.44
3.8
3.96
5.09
3.4
3.45
3.63
3.92
4.44
3.8
4.37
3.76
4.17
4.23
4.17
3.44
3.78
4.41
4
3.67
3.65
3.55
3.43
4.02
3.65
3.72
4.45
3.91
4.5
4.08
4.15
4.11
4.17
3.79
3.37
3.96
3.48
3.76
3.98
3.81
5.74
3.73
3.63
3.39
5.36
4.09
3.14
4.16
3.79
3.65
4.7
3.6
3.08
4.06
3.41
3.34
3.76
4.08
3.95
3.58
4.29
3.2
3.61
3.19
4.91
3.91
3.56
4.77
3.37
4.02
3.65
3.53
4.81
4.89
3.59
3.52
3.5
4.63
3.85
4.27
4.06
4.68
3.61
3.19
3.48
3.78
3.86
4.33
3.56
3.58
4.45
4.41
3.81
3.91
3.33
3.97
4.1
3.44
3.25
3.41
4.82
3.53
3.96
3.73
3.67
3.91
3.84
3.8
4.16
3.12
4.24
3.55
3.64
3.31
3.71
4.47
3.55
3.37
4
4.54
3.37
4.04
3.64
4.02
3.9
4
4.61
3.43
4
4.23
3.82
3.98
3.26
3.81
3.79
3.78
4.46
3.89
3.53
3.92
4.02
5.12
3.47
4.22
3.8
3.83
3.8
3.78
3.19
3.58
3.1
3.91
3.54
3.87
3.89
3.97
4.36
4.5
4.14
3.83
3.22
3.79
3.34
4.66
4.55
4.02
4.14
3.37
4.26
4.42
3.82
4.3
3.8
3.65
4.37
4.42
3.47
3.66
4.48
4.01
3.74
4.03
4.46
3.76
3.99
3.75
4.05
4.09
4.27
3.83
4.53
4.16
3.46
3.72
3.43
4.4
4.46
4.4
3.73
3.65
3.54
3.53
4
3.57
3.54
3.36
4.01
4.66
4.09
3.65
2.95
3.7
4.99
3.88
4.28
4.82
3.98
4.14
3.58
4.36
3.16
3.55
4.39
3.57
3.75
4.19
3.51
3.95
3.26
3.66
3.52
3.82
3.74
3.57
4.02
3.57
4.35
4.21
3.62
3.8
3.63
3.54
4.1
4.19
3.83
3.48
4.13
3.71
4.2
4.82
4.23
6.88
3.59
4.28
4.1
3.3
3.47
3.48
3.48
3.8
3.33
4.22
4.29
3.84
3.51
3.83
4.17
3.84
4.11
4.58
4.19
3.92
3.91
3.17
3.58
3.47
3.15
3.6
3.76
3.6
3.18
3.92
3.75
3.39
4.15
3.11
4.24
3.81
4.88
3.3
3.51
3.1
3.78
4.04
4.6
3.23
4.24
4.72
3.52
3.81
3.46
3.65
3.47
3.57
3.73
3.95
3.95
3.88
4.59
4.36
3.51
3.75
3.67
3.87
3.64
3.73
3.43
3.66
3.62
3.61
3.38
3.58
3.34
3.7
3.79
4.1
4.24
3.67
3.92
3.7
4.03
4.03
4.6
4.34
3.44
4.15
3.84
4.07
4.55
3.65
3.62
3.82
4.31
3.93
3.99
3.05
3.62
4.31
3.87
4.4
3.79
4.21
3.9
3.73
4.48
3.79
3.81
3.32
3.32
4.28
4.26
4.25
3.6
3.53
4.08
3.29
4.48
3.82
3.5
4.17
3.78
3.64
5.09
3.97
3.42
3.47
3.85
3.47
3.97
5.02
3.63
3.82
4.18
3.2
3.64
3.36
3.74
4.01
3.74
3.32
3.95
4.81
3.75
4.38
4.03
3.32
3.96
4.1
3.65
3.41
4.45
4.84
3.69
4.34
3.58
4.17
4.41
4.33
4.29
3.86
3.59
3.72
3.57
4.35
3.82
3.67
4.43
4
3.25
4.76
4.46
3.72
3.47
3.69
3.78
3.73
3.63
3.81
4.33
3.17
3.35
4.18
3.85
3.2
4.34
4.58
3.53
4.29
4.08
4.26
3.31
3.91
3.5
3.44
3.49
3.31
3.8
3.87
4.29
3.7
4.39
3.27
3.88
4.07
3.53
4.2
4.3
3.85
3.71
3.83
3.62
4.12
3.6
3.76
3.44
3.84
4.41
3.58
4
3.71
4.58
4.4
3.82
4.1
3.63
3.72
3.64
3.8
3.93
3.58
3.78
3.9
3.71
3.65
3.83
4.21
3.36
3.46
3.77
3.81
3.35
4.09
3.6
3.43
3.69
3.53
3.96
5
3.83
3.96
3.78
5.21
4.48
3.18
4.64
4.25
3.99
3.47
4.25
3.57
3.81
4.09
4.29
4.15
3.89
3.72
3.08
4.26
3.71
4.3
3.38
3.28
3.8
3.37
4.1
3.92
4.68
4.08
3.94
4.15
3.74
4
3.88
3.78
4
3.51
3.49
3.85
3.6
4.38
4.07
3.61
4.31
3.28
3.21
3.2
4.29
3.68
4.46
3.52
3.45
4.14
3.55
3.87
3.6
3.35
3.94
4.56
3.37
3.74
3.59
3.53
3.67
4.13
3.83
4.4
3.96
4.63
3.88
3.76
3.69
3.89
4.37
3.23
3.49
3.73
4.33
3.68
4.31
4.48
4.68
3.92
4.52
3.9
4.48
4.14
4.38
4.02
4.4
4.03
4.02
4.56
3.69
3.82
4.59
3.94
3.7
3.57
4.02
3.54
3.24
4.59
3.39
4.39
3.66
3.72
4.16
4.09
3.8
4.1
3.05
3.36
3.59
3.97
4.46
3.47
3.68
3.36
3.87
3.22
3.81
3.97
3.64
4.3
4.05
3.75
4.17
3.86
3.68
3.57
4.49
3.84
4.22
3.65
3.95
3.74
4.51
3.79
4.55
4.28
4.03
3.21
3.69
4.43
3.88
3.81
4.05
3.56
4.48
5.3
4.66
3.82
4.78
3.7
3.78
3.64
3.61
3.69
3.41
3.88
3.15
3.44
3.68
4.27
3.64
3.35
4.07
3.63
4.51
3.47
3.61
4.19
3.23
3.31
3.75
3.12
3.94
3.54
3.96
4.25
4.4
4.16
4.08
4.03
4.64
4.36
4.27
4.08
3.59
3.99
3.32
4.18
3.76
2.96
4.3
4.78
3.72
3.96
3.46
3.85
3.45
4.01
3.74
3.91
3.57
3.44
3.67
4.55
3.04
4.01
3.71
3.59
3.08
3.17
3.44
3.74
3.7
4.77
3.83
3.5
3.92
4.71
4.08
3.96
4.13
3.83
3.83
4.03
3.67
4.58
3.47
4.35
4
4.08
4.05
3.61
4.02
3.15
3.36
5.26
3.74
3.7
3.38
3.59
3.2
3.34
3.25
3.51
3.58
3.07
3.16
4.46
3.85
3.63
4.1
3.62
4.44
4.45
3.85
3.75
3.58
3.08
3.01
3.39
4.08
3.24
3.35
3.59
3.88
4.03
4.62
3.72
2.81
3.7
4.7
3.82
4.69
4.59
4.21
3.93
3.85
3.47
5.24
3.92
4.3
3.76
3.29
3.25
4.05
4.42
4.04
3.59
3.77
4.39
4.99
4.54
3.58
3.88
5.17
3.71
4.35
4.64
3.3
3.53
4.26
3.3
4.12
4.01
4.45
3.63
3.56
4.88
3.32
3.87
5.2
3.3
3.49
3.98
3.57
3.41
3.41
3.78
5.36
3.74
3.72
3.55
3.33
3.59
3.11
3.38
3.38
4.54
3.56
3.25
4.12
4.16
3.81
3.68
3.76
3.26
4.96
4.2
4.1
4.18
3.41
3.85
4.79
4.81
3.72
3.8
6.93
3.76
4.44
3.79
3.6
4.33
3.91
4.24
3.78
4.54
4.12
4.35
3.65
3.64
3.63
3.86
4.41
3.55
3.62
3.65
3.63
4.95
4.09
4.26
3.47
4.59
4.09
4.74
3.89
3.95
3.56
3.62
4.56
4.15
3.98
3.62
4.66
3.68
3.83
3.68
4.15
5.72
3.92
4.16
4.04
4.28
4.59
3.21
3.32
4.68
3.61
3.92
3.44
3.39
3.89
3.99
3.07
4.42
4.6
4.1
4.15
4.62
3.82
3.93
3.25
3.88
3.71
3.57
4.94
5.23
3.75
4.41
3.6
3.5
3.76
4.05
4.47
3.99
3.83
3.98
4.97
3.98
4.26
4.14
4.43
4.76
4.11
3.46
3.97
4.51
4.45
4.91
4.04
3.63
3.26
3.77
3.66
4.59
3.48
4.15
3.68
3.48
3.55
4.59
3.58
3.88
4.16
3.75
4.06
3.81
3.92
3.67
3.98
3.97
3.42
3.83
4.07
3.98
3.67
3.72
4.97
5
4.06
2.82
3.99
4.15
4.07
3.76
3.71
3.8
3.45
3.95
4.36
4.78
3.5
3.71
3.6
4.05
4.2
3.59
3.57
3.65
3.25
3.39
3.69
3.92
3.79
4.05
3.27
4.48
4.6
3.92
3.67
3.75
3.79
3.46
3.65
3.47
3.44
3.79
3.73
3.43
3.81
3.66
3.62
4.19
3.8
3.65
3.73
3.49
3.9
4.3
3.92
3.94
3.9
3.22
3.48
3.72
4.74
3.98
3.74
4.44
4.12
3.61
4.47
3.3
4.31
4.43
3.66
4.15
4.04
3.62
3.28
4.21
3.54
3.29
3.41
4.11
3.43
3.44
5.09
4.07
3.15
4.07
4.24
3.97
4.6
3.89
3.01
3.67
3.95
4.2
3.35
4.16
3.75
4.51
4.03
3.37
3.57
3.11
3.38
3.91
3.86
3.47
3.98
3.66
4.02
4.53
3.93
3.51
3.4
3.87
4.2
3.75
3.76
3.97
4.35
3.92
4.79
4.1
4
3.57
3.91
4.6
3.32
3.59
3.34
3.31
3.8
3.38
3.42
5.12
3.09
4.04
5.45
4.1
4.57
3.89
3.35
3.68
4.27
4.66
3.74
5.39
3.52
4.09
3.55
3.91
4.27
3.99
4.11
3.5
4.27
3.99
4.69
3.35
3.66
4.67
4.09
3.42
4.02
4.04
4.75
3.62
3.95
3.42
3.94
3.62
4.34
3.64
4.25
4.22
4.73
3.49
4.42
4.49
3.05
3.82
4.02
4.54
4.03
5.14
3.48
3.85
4.07
3.14
3.33
3.62
4.11
3.3
3.62
4.46
3.74
3.46
3.34
3.36
4.27
3.97
3.41
3.04
3.92
3.77
3.4
3.92
3.4
3.67
3.75
4.29
3.59
3.94
3.75
4.19
3.63
4.05
3.89
4.19
4.52
4.06
4.07
4.01
4.8
4.07
4.19
3.96
3.62
4.19
3.76
3.5
3.82
4.09
4.02
4.24
3.81
3.69
3.87
4.59
3.31
3.6
3.96
4.22
3.67
4.08
4.69
3.69
3.79
3.3
3.38
3.78
3.69
3.44
3.95
3.25
3.6
4.02
3.44
4.45
3.64
4.19
3.63
3.53
3.99
3.98
3.93
3.35
3.71
3.95
4.15
4.58
3.79
3.66
4.04
3.59
3.32
4.27
3.37
3.56
3.53
3.77
4.72
5.18
3.87
4.38
3.63
3.84
4.93
3.37
3.6
4.69
3.59
3.77
3.57
3.09
2.94
3.36
4.08
4.31
3.74
4.32
3.47
4.43
4.17
3.62
4.22
3.77
3.96
3.56
3.49
3.61
3.12
3.23
3.15
3.61
4.55
3.99
2.95
3.48
3.84
3.44
3.71
3.9
3.54
3.86
3.73
3.61
4.21
4.01
3.33
4.36
3.61
3.57
3.44
3.85
3.63
4.47
3.54
4.24
4.25
3.73
3.01
3.49
4.73
3.29
3.62
4
4.02
4.32
5.3
3.53
4.73
4.52
3.99
4.14
3.07
3.05
3.84
4.55
3.84
3.29
3.52
4.24
3.96
3.4
4.06
4.39
3.54
3.49
3.34
3.38
3.97
3.36
3.66
3.82
4.47
3.86
3.84
3.87
3.46
4.11
4.22
5.11
4.28
3.79
3.96
3.8
4.01
3.7
4.58
3.07
3.95
4.69
4.08
3.48
3.62
3.41
3.67
5.08
3.38
3.05
4.34
3.39
4
3.75
3.11
3.02
4.44
4.66
4.27
3.9
3.93
4.64
3.45
4.3
4.54
4.02
4.33
3.63
4.2
3.52
4.13
3.77
3.73
3.69
3.2
3.71
3.86
3.44
4.07
3.93
3.91
4.12
3.95
3.51
3.71
3.59
3.53
3.53
3.88
4.13
3.8
3.9
3.97
3.9
4.07
3.7
5.01
3.91
3.81
4.91
4.3
3.69
4.02
3.37
3.69
4.58
4.06
4.57
4.21
3.18
3.78
4.02
3.72
4.34
3.12
4.61
4.01
3.43
4.17
3.89
2.91
4.25
3.71
3.65
3.49
3.72
3.55
3.78
4.53
4.39
3.94
4.55
4.56
3.98
3.72
4.2
3.51
3.41
3.75
3.57
4.25
3.43
4.01
3.7
3.83
4.07
4.08
4.3
4.15
4.5
3.99
4.06
4.38
3.36
3.75
4.25
3.46
4.24
4.23
4.66
4.34
3.92
4.2
3.71
3.99
3.59
3.65
3.83
3.89
4.08
4.49
3.4
3.54
3.55
3.47
4.63
4.2
4.5
3.61
3.71
3.87
3.13
3.74
4.67
3.53
5.48
3.6
4.15
3.46
3.58
3.98
4.23
3.66
4.02
4.36
3.77
4.04
3.36
4.58
4.64
3.46
4.93
4.31
4.01
4.34
3.57
3.33
3.39
3.73
3.75
3.56
4.64
3.7
3.06
4.62
3.44
4.48
4.56
3.42
3.91
3.4
3.97
4.44
4.58
4.14
4.58
3.91
3.43
3.53
3.77
4.41
3.53
3.69
4.05
3.2
4.51
4.15
3.6
4.4
3.02
3.56
3.94
3.39
4.2
3.14
4.25
3.65
4.08
3.59
3.37
3.49
4.11
4.33
3.92
3.81
3.35
4.16
4.1
3.9
4.23
3.43
4.08
3.39
3.39
4.03
4.52
3.61
4.75
3.38
3.37
4.09
3.9
3.82
3.55
4.16
3.67
3.94
3.62
3.71
3.6
3.35
4.62
4.21
4
3.87
4.26
3.31
4.29
4.64
4.37
3.49
4.28
2.85
4.43
3.54
3.94
3.97
4.02
4
3.59
4.46
3.56
4.5
5.26
3.72
3.83
3.84
4.78
4.14
4.48
4.26
3.92
3.83
3.66
4
3.52
4.08
3.29
4.59
4.69
4.16
4.41
3.19
3.56
3.35
3.47
3.47
4.28
3.48
3.35
3.61
3.71
4.71
3.79
3.8
3.84
3.16
3.32
3.56
4.01
4.24
4.41
3.59
3.54
3.83
3.84
3.41
4.25
4.3
3.64
3.95
3.69
3.46
4.18
3.71
3.63
3.9
3.11
4.48
3.78
3.65
3.5
4.09
3.93
3.17
4.89
4.22
3.76
3.79
3.73
3.59
3.8
5.26
3.76
3.77
4.09
3.53
3.72
4.2
3.8
3.76
3.1
5.16
3.99
4.19
3.53
2.97
4.15
3.81
3.52
4.21
3.69
3.71
4.28
3.63
3.54
3.56
3.17
4.03
4.75
3.72
4.47
3.99
3.77
3.49
3.25
3.88
3.78
3.25
3.83
3.87
3.59
4.23
3.59
3.55
4.05
4.08
3.59
3.51
4.55
4.07
4.17
4.07
4.12
3.86
3.97
4.13
4.18
4.65
3.17
3.61
4.2
4.28
3.77
4
3.91
2.98
3.62
4.93
4.67
3.21
4.07
4.15
4.78
3.99
3.85
3.77
4.45
4.74
3.89
3.81
2.86
3.54
4.13
3.81
4.73
3.35
4.02
3.2
3.3
4.03
3.89
3.8
3.21
3.71
4.61
4.88
3.86
4.05
3.7
3.84
4.12
4.29
3.92
3.4
3.32
3.54
4.28
3.27
3.33
3.6
3.25
3.48
4.24
3.78
3.21
3.64
4.05
4.43
4.43
4.29
3.52
4.19
3.55
4.18
3.86
3.6
3.83
3.98
3.86
4.54
3.7
3.53
3.11
3.87
4.7
3.61
4.15
3.63
3.79
3.88
3.67
3.52
3.46
3.8
4.43
3.27
3.88
3.44
4.26
3.71
3.52
3.91
3.97
4.13
3.77
3.86
3.93
4.38
4.26
3.51
3.74
3.92
3.45
3.74
3.69
3.65
3.78
4.51
4.11
4.06
3.37
4.63
3.83
3.44
3.36
3.4
4.11
3.63
4.56
4.23
4.32
3.98
3.17
3.75
5.72
4.14
4.49
3.88
5.4
3.96
4.02
3.72
4.01
3.59
3.79
3.54
2.91
3.67
3.79
3.98
4
3.71
3.53
3.56
3.14
4.41
3.78
3.93
3.62
4.07
3.68
3.62
3.37
3.59
3.55
3.79
4.48
4.11
3.59
3.8
4.3
4.03
4
3.67
3.85
3.99
3.38
4.01
3.14
4.06
3.09
3.88
4.34
4.76
3.5
3.66
3.92
4.28
3.49
3.61
4.93
3.8
3.34
3.57
3.61
3.63
3.5
4.09
3.67
3.58
3.65
3.56
4.02
3.55
4
3.62
4.55
3.42
3.61
3.77
4.34
3.79
4.83
4.02
4.94
4.05
3.3
3.55
3.98
4.1
3.75
3.73
3.47
3.51
3.37
2.88
3.8
3.78
4.61
4.29
3.23
3.73
3.92
3.88
3.41
5.89
3.76
3.71
4.83
3.7
3.65
3.95
3.62
3.93
4.27
4.76
4.46
4.34
3.34
3.9
3.56
3.68
3.99
3.87
4.13
4.26
3.47
3.62
4.49
5.14
3.43
3.64
3.67
4.02
3.27
3.3
2.83
4.52
3.85
4.06
3.46
2.87
3.72
3.25
3.77
4
3.33
3.88
2.94
4.07
3.86
4.14
4.22
3.46
3.6
4
3.62
3.68
4.32
3.61
3.72
3.75
4.41
3.95
3.2
3.77
4.21
3.69
3.92
3.51
3.85
4.34
4.69
3.25
3.38
3.64
3.31
3.43
3.86
5.33
4.75
3.72
3.3
3.55
3.33
3.79
4.34
3.5
3.46
4.15
3.95
3.82
3.56
3.88
4.6
3.79
3.28
4.69
4.36
4.01
3.61
3.89
4.18
3.73
4.32
4.91
4.19
4.43
3.99
3.22
4.05
4.43
3.59
4.31
3.55
4.1
3.5
3.69
4.8
4.28
3.94
4.16
4.74
3.17
4.7
4.19
4.34
4.03
3.88
3.99
3.2
4.13
3.67
2.9
4.01
4.2
3.92
4.82
3.96
3.32
3.6
3.12
4.26
4.18
3.56
3.34
3.16
4.06
4.21
3.46
4.02
3.87
3.62
4.05
3.38
3.82
3.81
4.5
3.87
4.97
4.77
4.14
4.35
4.48
4.26
3.41
3.91
4.04
4.98
3.62
3.14
3.82
4.22
3.13
3.84
3.77
3.4
3.31
3.75
3.46
3.69
3.62
3.89
3.51
3.86
4.34
3.95
3.48
3.13
3.83
3.62
3.43
3.89
3.99
3.59
3.78
4.24
4.13
3.39
3.24
4.45
4.51
4.21
3.6
3.81
4.05
3.67
4.11
3.46
3.62
3.82
3.86
3.7
3.5
4.47
4.17
4.4
3.61
3.17
3.8
4.99
3.73
4.04
3.05
4.49
3.71
3.8
3.76
3.31
3.81
3.34
4.09
3.99
5.33
3.84
3.68
3.53
3.47
3.58
3.86
4.13
3.49
3.65
3.52
3.92
4.33
3.35
3.31
3.61
3.81
4.03
3.72
3.81
3.66
4.39
4.89
4.15
4
4.19
3.52
3.6
4.12
3.7
3.41
4.13
3.75
3.34
3.74
3.94
4.24
3.78
2.96
4.8
3.53
4.33
4.31
4
3.04
3.37
3.3
3.64
3.43
3.2
3.93
3.51
4.01
3.62
3.64
3.52
4.36
3.67
4.05
3.47
3.94
3.74
3.65
3.73
3.73
4.59
4.29
3.77
3.46
3.33
3.64
4.05
3.79
3.77
3.78
3.76
3.62
3.96
3.76
3.63
3.87
4.13
3.15
4.08
3.72
3.74
4.5
4.46
3.5
3.76
4.57
3.59
3.62
3.85
5.19
3.95
3.58
3.69
3.6
3.24
3.64
3.7
4.34
4.36
4.36
3.71
3.46
3.42
3.42
3.86
4.53
3.17
3.87
3.3
3.47
3.79
3.85
4.17
4.15
3.7
4.31
4.83
3.34
4.27
4.16
3.45
4.28
3.76
4.06
3.99
3.72
3.64
3.46
3.9
3.18
3.97
4.02
3.96
3.76
3.35
3.9
3.67
3.91
3.66
4.02
3.93
3.8
3.38
3.33
2.99
3.44
3.08
4.27
4.1
4.13
3.54
3.5
3.78
6.78
3.87
4.61
4.06
3.58
3.79
3.72
3.55
3.48
3.51
3.6
3.47
3.96
3.84
3.55
3.64
4.16
3.64
4.36
4.56
4.03
3.44
3.83
3.24
3.19
3.9
4.1
4.34
4.46
4
3.99
3.58
3.41
6.09
4.14
4.77
5.18
3.46
3.54
4.55
3.57
4
4.46
4.1
4.37
4.79
4.2
3.54
4.04
3.48
3.96
4.02
3.81
3.78
3.68
3.86
3.42
3.72
3.99
3.25
4.09
4.35
3.1
3.83
3.99
3.66
4.83
3.11
4.08
3.57
3.29
3.56
3.69
3.79
3.47
3.54
5.16
3.75
3.85
4.06
4.1
4.26
3.95
3.2
3.27
3.99
3.77
3.67
3.82
3.64
3.6
3.68
4.1
3.91
3.69
4.14
4.39
3.67
3.42
4.15
4.11
3.47
4.11
3.72
3.63
3.92
4.01
4
3.15
3.96
4
4.43
4.54
4.5
3.82
3.39
3.82
4.31
4.41
4.88
3.52
3.53
3.11
3.56
3.89
4.67
3.78
4.42
4.14
3.71
5.71
3.64
3.95
3.75
4.04
4.89
3.51
4.45
3.9
3.63
3.88
4.32
4.45
3.43
4.22
3.75
4.05
3.71
4.33
4
3.67
4.47
3.81
3.84
4.07
4.11
3.71
4.46
4.56
4.08
3.91
2.97
3.41
4.2
3.51
3.55
3.69
3.45
3.41
4.41
4.83
3.74
3.8
3.57
3.59
4.42
3.43
3.92
3.98
4.13
3.77
4.45
5.08
4.52
3.84
3.74
3.77
4.69
3.42
4.32
3.83
3.46
3.65
3.74
4.82
3.71
4.02
3.84
3.4
3.99
3.45
3.5
3.63
4.47
4.28
3.67
3.59
4.08
3.84
4.11
3.19
4.17
4.36
3.65
3.65
3.32
3.75
3.9
5.07
3.47
4.83
3.61
4.26
3.92
3.38
3.61
3.76
3.68
3.55
4.02
3.56
3.32
4.01
3.43
3.34
3.43
3.36
3.04
3.97
4.47
3.8
3.07
4.6
4.67
3.48
3.03
3.71
3.76
3.68
3.72
3.75
4.27
4.55
3.78
3.55
3.22
3.45
4.35
4.13
4.19
3.88
3.78
4.02
3.67
3.93
3.63
4.19
3.75
3.56
3.19
3.42
3.45
4.42
3.79
3.14
3.66
3.88
3.36
4.59
4.43
5.5
3.99
3.77
4.6
3.73
3.8
4.27
3.93
3.71
3.26
3.45
2.97
3.92
3.81
3.49
3.49
3.66
3.57
4.51
3.77
3.69
4.12
3.84
3.45
4.01
3.6
3.75
4.09
3.56
3.72
3.51
5.22
3.34
5.09
4.04
3.38
4.35
3.57
3.57
3.61
3.44
3.78
3.56
4.61
3.49
4.31
3.49
3.56
3.74
3.44
4.37
4.15
3.91
3.9
3.66
3.8
3.51
3.38
4.77
4.22
4.52
3.1
3.52
3.44
3.7
3.44
4.62
3.17
3.89
3.72
3.74
3.8
3.74
3.75
4.04
3.93
3.48
4.63
3.34
3.47
3.43
3.9
3.82
3.85
3.66
3.43
3.47
3.44
3.63
4.26
6.24
4.23
4.05
4.17
4.8
3.62
4.17
3.18
3.66
3.71
3.98
3.52
4.42
4.45
4.13
3.92
3.47
3.41
3.82
3.96
4.17
3.85
3.57
3.74
3.68
3.52
3.84
3.72
3.27
3.66
4.34
4
3.7
3.84
3.53
4.35
3.73
3.72
3.38
3.37
4.1
3.36
3.6
3.28
3.78
3.77
4.19
4.09
3.94
3.97
3.83
3.71
3.83
4.19
3.68
3.91
3.32
3.41
4.48
3.68
4.65
4.07
4.12
3.53
3.46
4.2
4.15
3.93
3.68
3.59
3.49
3.13
3.93
3.79
3.9
4.5
3.98
4.73
3.53
4.09
3.45
4.05
4.46
5.18
3.88
3.91
3.86
4.23
4.56
3.35
4.4
3.81
3.66
4.84
4.1
3.52
3.32
3.64
3.68
4.46
3.82
3.65
3.6
3.89
3.2
4.2
3.79
4.59
3.57
3.66
3.45
3.68
3.77
3.81
4.39
3.57
3.7
3.37
3.56
3.41
3.69
4.02
4.05
3.33
4.06
4.46
3.72
3.32
4.2
3.53
4.31
3.85
3.53
4.83
3.43
3.76
4.03
3.81
3.04
3.44
3.49
3.96
4.03
3.8
3.16
4.23
3.17
3.98
3.61
3.53
3.72
3.57
4.04
4.09
4.09
3.42
3.51
3.38
3.94
3.48
3.56
3.83
3.92
3.26
3.58
3.66
3.9
3.95
3.69
3.4
4.49
3.66
3.94
3.97
4.31
3.8
4.42
3.71
3.5
3.95
4.12
3.36
3.95
3.48
3.82
3.73
4.71
4.21
3.36
3.69
3.92
3.41
3.81
3.57
4.25
3.49
3.89
3.26
3.9
4.38
3.5
3.22
3.32
3.58
3.5
3.95
3.2
4.86
4.05
3.73
3.84
4
3.84
3.62
4.38
3.89
3.5
4.82
3.42
4.07
4.96
4.31
3.73
3.5
4.16
4.8
4.15
3.18
3.76
4.06
3.7
3.61
3.64
4.09
4
3.81
4.04
4.33
3.74
4.61
3.4
3.82
3.37
3.24
4.12
3.67
3.77
3.49
3.82
3.77
4.51
3.56
3.89
3.6
4.36
4.54
3.32
4.31
4.36
4.22
4.76
3.58
4.25
4.16
3.81
3.26
3.69
3.68
4.02
3.84
3.28
3.43
3.84
4.78
4
3.63
3.55
4.84
4.41
3.94
4.29
3.31
4.35
3.39
3.66
3.64
3.95
3.56
3.78
3.89
4.46
3.21
4.85
3.08
3.39
4.3
6.44
3.63
4.08
4.06
3.83
3.67
3.31
4.08
3.19
3.55
3.92
3.43
4.96
3.68
4.09
4.12
4.26
3.84
3.57
4.15
3.47
3.44
3.55
3.54
4.73
3.82
4.31
3.98
3.61
3.58
4.09
3.4
3.65
3.85
3.39
4.07
3.93
3.73
3.81
3.63
3.92
4.17
3.67
3.98
4.25
3.42
4.1
4.67
4.75
4.61
4.19
3.93
4.34
3.16
3.77
4.26
4.53
4.18
3.77
3.45
4.03
4.43
3.68
4.55
3.91
4.72
3.61
4.12
3.23
3.64
3.74
3.57
4.73
4.61
3.91
4.39
4.06
3.85
3.32
3.92
3.68
3.45
3.94
3.58
3.43
4.55
4.17
3.79
4.72
3.87
4.34
4.18
3.31
3.69
3.68
4.26
3.7
4.56
4.59
4.63
3.71
4.11
3.37
3.93
3.46
4.25
5.53
4.08
3.52
3.97
3.9
3.4
4.07
3.71
4.83
4.1
3.73
3.66
4.01
4.47
3.09
3.29
3.81
3.37
3.43
4.9
3.87
3.76
3.71
4.76
3.3
2.97
3.8
4.13
4.26
3.72
3.26
3.3
4.02
4.07
4.3
3.46
4.14
3.36
3.29
4.08
4.03
3.59
3.48
3.33
3.44
3.68
3.75
3.97
4.25
3.72
3.68
4.28
3.61
3.31
3.32
4.15
3.57
3.56
3.74
3.73
3.33
3.96
3.71
3.65
4.8
3.56
4.8
3.92
3.75
3.87
3.97
4.81
3.78
3.76
3.65
3.71
3.72
3.89
3.33
3.84
4.35
4.54
3.62
3.32
3.76
3.57
3.66
3.99
3.88
3.69
3.58
3.51
3.79
3.87
2.96
3.45
3.99
3.58
3.67
3.76
4.83
3.39
3.99
4.36
3.94
4.21
4.72
3.7
3.6
3.33
3.96
3.87
3.74
3.61
3.72
4.13
4.34
4.15
3.93
3.97
3.75
3.59
3.68
3.54
3.39
3.54
3.75
3.85
4.52
4.16
4.21
4.27
4.2
4.13
3.92
3.58
3.75
4.68
3.8
4.15
3.9
4.37
4.24
4.13
3.45
3.56
4.12
4.37
3.74
3.67
4.49
5.1
4.56
3.87
3.59
3.38
3.4
4.32
4.4
4.01
3.36
4.08
3.97
3.84
4.21
3.6
3.64
4.07
3.49
3.83
3.64
3.65
4.39
3.66
3.52
4.62
3.62
4.13
3.25
4.4
3.62
4.25
4.12
3.71
4.86
3.57
5.17
4.22
4.18
3.36
4.14
3.22
3.57
4.16
5.13
3.4
4.33
3.47
4.45
3.59
3.62
3.5
3.16
4.11
4.95
3.72
4.38
3.66
3.94
3.81
3.77
4.61
3.43
3.93
3.8
3.68
3.5
4.23
4.57
3.75
3.82
4.83
3.58
3.66
3.39
3.57
3.17
3.38
4.15
3.49
3.71
4.6
3.74
4.26
3.35
3.9
3.18
3.79
3.73
3.64
4.11
4.32
4.06
3.55
3.74
3.82
3.22
3.97
3.61
3.76
4.02
3.76
3.64
3.63
2.97
3.93
4.24
3.21
4.11
3.66
4.1
4.48
3.64
4.29
3.44
3.21
3.06
3.77
3.34
3.75
3.65
3.93
3.6
3.13
4.11
3.65
3.56
4
4.62
3.57
4.15
3.52
3.71
4.05
3.39
4.88
2.75
4
3.73
3.51
4.03
4.51
3.87
3.08
3.51
4.34
3.61
4.36
3.92
3.78
3.5
3.77
3.98
5.06
3.3
3.31
3.65
2.76
4.07
3.99
3.3
4.73
4.03
3.64
5.65
3.61
4.29
3.83
4.19
4.41
4.05
3.87
3.69
3.94
4.12
3.39
3.93
3.53
4
3.65
3.88
4.42
5.7
3.67
4.82
4.2
3.71
3.71
4.05
5.4
3.99
5.04
3.26
3.06
3.96
4
3.29
3.29
3.25
4
4.31
4.33
3.66
3.71
3.64
3.29
3.34
3.49
3.69
3.69
3.67
3.71
3.79
4.64
3.69
3.75
4.4
3.53
4.25
3.55
3.55
4.62
3.95
3.16
3.7
3.8
3.92
3.64
4.69
4
3.42
4.08
3.25
4.24
4.66
3.67
4.02
3.49
3.46
5.09
3.77
3.22
4.64
4.6
3.8
3.99
4.57
3.59
4.12
3.58
4.48
4.64
3.32
3.95
4.6
3.45
3.22
4.73
3.45
3.49
3.68
3.93
3.7
3.81
3.4
3.65
3.82
3.42
3.69
3.86
3.45
3.54
3.78
3.36
4.56
3.76
3.39
3.82
3.52
3.29
3.66
3.79
3.66
3.51
4.32
3.25
4.31
3.63
3.94
3.87
3.76
3.66
3.65
3.69
3.52
4.02
3.29
3.74
3.27
4.16
3.7
4.42
4.24
4.05
4.51
3.87
3.69
3.74
3.69
4.07
4.32
3.66
3.28
3.57
3.37
3.06
4.04
4.78
4.02
4.02
4.08
4.13
3.47
3.76
3.89
4.53
3.92
4.13
3.19
3.86
4.12
3.73
4.59
3.99
3.63
4.39
4.06
3.21
3.48
4.65
4.54
4.14
3.96
3.65
4.55
4.76
4.63
3.45
3.72
3.39
3.78
3.54
3.06
3.84
3.82
4.66
3.6
4.21
4.1
3.44
4.85
4.11
4.68
3.67
4
3.09
3.4
3.39
3.56
4.25
3.92
4.42
3.8
2.97
3.5
4.05
3.51
4.2
4.5
3.68
4.33
3.41
4.07
3.9
3.33
3.93
3.6
3.69
3.02
4.03
4.25
3.91
3.86
3.05
3.29
3.69
4.52
3.63
3.93
3.29
3.36
3.28
4.26
4.2
3.19
3.79
3.52
3.83
4.14
3.68
3.17
3.46
3.62
3.93
4.35
3.32
4.69
4.51
4.07
3.38
4.4
4.02
4.02
4.01
3.85
3.19
4.08
3.94
3.95
5.6
4.2
4.21
3.97
4.84
4.09
4.05
3.93
3.61
3.62
3.77
4.02
3.73
4.64
3.62
3.7
3.69
3.38
3.44
4.26
3.81
4.01
3.35
4.29
4.7
4.26
4.4
3.34
4.3
3.74
3.95
4.95
4.06
3.34
3.78
4.72
3.51
3.74
3.57
4.62
4.02
4.31
4.25
4.05
3.48
3.51
3.92
3.37
3.36
4.1
4.17
3.82
3.67
3.46
3.65
3.63
4.28
4.18
3.75
3.63
3.85
3.32
3.79
5.71
3.75
4.52
3.57
4.31
3.85
5.19
3.7
3.57
4.17
3.65
3.73
3.53
3.64
3.57
3.85
3.65
3.55
3.85
3.79
3.61
3.85
3.66
3.65
3.74
3.8
3.57
4.08
3.15
3.96
3.56
3.7
3.36
3.83
3.38
4.44
4.59
3.44
4.04
3.78
3.31
4.32
3.15
3.52
4.89
3.82
3.7
4.15
4.93
3.67
4.45
5.05
3.56
4.23
4.44
3.68
4.83
3.26
3.86
4.74
3.34
3.97
3.62
3.49
4.02
3.17
4.19
4.06
3.36
4.01
4.4
3.6
4.25
3.94
4.04
3.88
3.93
4.13
3.51
3.53
3.85
3.56
3.65
3.69
3.29
3.77
4.6
3.94
4.3
4.67
2.96
4.19
4.57
3.66
3.75
3.23
3.41
4.39
3.74
3.87
3.87
3.64
3.47
3.66
3.64
3.93
3.25
3.64
3.84
3.8
3.74
3.53
2.96
4.72
4.77
3.92
4.07
3.84
3.69
4.2
3.01
4.55
3.45
4.13
3.59
3.5
3.9
3.78
4.89
3.9
3.4
3.54
3.54
3.79
4.07
4.25
3.4
3.13
3.24
4.25
4.59
4.12
3.86
3.52
3.63
3.55
3.39
4.3
3.4
3.84
3.69
3.46
3.31
3.24
3.66
3.65
3.94
3.94
3.58
4.96
3.34
4.34
4.42
3.5
3.5
4.18
3.91
3.33
4.76
3.97
3.87
3.27
3.52
4.05
4.02
3.78
3.79
3.78
4.38
4
3.7
2.94
4.37
3.72
4.04
3.99
3.87
4.02
4.02
3.19
4.12
3.7
4.03
3.41
3.83
3.62
3.99
3.48
3.9
4.11
4.29
3.45
3.8
3.34
2.95
4.27
3.41
4.28
3.41
3.65
3.25
3.49
3.88
4.56
3.67
3.49
4.46
3.28
4.12
3.49
3.42
3.25
4.81
4.29
3.29
3.62
4.19
3.5
4.33
3.72
3.83
3.91
4.03
3.7
3.36
4.54
4.2
3.84
4.2
3.38
4.12
4.17
3.55
4.79
4.13
3.79
3.3
3.92
3.56
3.59
4.32
4.38
4.03
3.99
4.33
4.51
3.84
3.75
3.68
4.34
4.03
3.77
4.1
3.88
4.24
3.9
4.39
4.27
4.09
3.65
3.44
4.13
3.67
3.77
3.35
3.95
4.16
4.43
3.77
3.49
3.48
3.88
4.2
3.16
3.84
3.96
4.17
3.53
3.94
3.51
4.26
4.32
4.3
4.23
3.24
3.3
3.61
4.3
3.46
3.38
3.68
4.82
3.14
3.89
4.36
3.47
3.42
4.05
3.69
3.95
4.08
3.79
3.6
3.69
4.06
3.38
3.88
3.74
3.88
3.56
4.13
4.1
4.09
3.59
3.85
4.02
4.67
4.43
4.03
3.64
4.09
3.99
3.58
3.6
3.44
3.79
3.46
3.9
3.92
4.39
4.43
4.13
4.18
3.36
3.57
3.85
4.25
4.08
3.4
4.39
3.82
5.19
3.32
3.88
4.42
4.25
3.81
4.34
3.57
3.4
3.64
4.48
3.46
3.61
4.74
3.55
4.43
3.39
3.77
4.98
3.47
3.94
3.79
3.44
3.97
4.51
4.61
3.97
4.16
3.83
3.81
3.88
4.72
3.45
4.24
4.39
3.09
3.86
3.88
3.39
3.32
3.66
3.62
3.4
4.55
4.28
4.05
4.53
3.75
3.74
4.15
4.36
3.64
3.65
3.78
3.63
3.26
4.7
3.35
3.98
3.92
4.01
3.52
4.08
3.63
3.39
3.58
3.86
3.79
4.13
3.77
4.2
3.23
3.57
3.92
4.42
3.56
3.87
3.65
4.3
3.29
3.62
3.34
4.84
3.68
3.95
3.48
4.09
3.51
3.31
3.26
3.22
3.52
3.93
3.66
3.97
3.81
3.36
3.89
3.7
3.31
3.03
3.69
3.42
3.58
3.85
3.52
3.88
3.63
4.54
3.91
3.72
3.56
4.07
3.85
3.9
3.86
4.01
4.17
4.21
3.58
3.73
4.18
3.79
3.98
3.88
3.77
4.66
4.36
3.16
3.39
4.61
2.8
3.97
3.55
4.14
4.12
3.45
3.81
3.73
3.51
3.89
3.71
3
5.05
3.66
3.67
3.8
4.15
4.38
4.68
3.54
3.69
3.66
3.4
3.83
4.19
3.99
4.04
3.5
5.21
5.19
3.23
3.33
4.32
3.84
3.43
5.14
4.36
4.33
4.56
3.58
3.06
3.39
3.24
3.27
3.79
3.22
4.09
3.87
3.13
4.1
3.5
3.57
3.15
4
4.19
4.27
3.84
4.47
4.11
4.66
3.38
3.94
3.71
3.45
3.84
4.32
4.31
3.92
3.58
4.05
4.54
3.63
3.36
4.65
4.31
3.68
4.1
3.65
3.84
3.11
3.58
3.49
3.69
4.07
4.08
4.57
4.19
3.2
4.19
4.04
3.15
3.22
4.17
3.82
3.87
3.93
3.54
3.08
3.71
4.16
3.64
3.76
4.02
3.39
3.2
4.47
4.12
3.55
3.88
4.1
4.28
3.65
4.32
3.71
3.92
4.14
3.81
3.32
4.12
4.2
3.74
3.59
3.65
3.71
4.35
3.65
3.15
4.46
4.44
3.91
3.9
3.25
4.68
3.8
3.38
4.56
4.14
3.91
4.31
3.8
4.1
3.73
3.99
3.78
3.25
3.62
3.56
4.1
3.71
4.09
4.07
4.23
5.49
3.88
2.95
3.93
4.19
3.39
3.05
3.66
4.68
4.54
3.33
3.64
3.65
3.35
3.92
3.46
4.52
3.68
4.26
3.88
3.76
3.64
4
3.58
3.82
3.62
3.48
3.75
4.27
4.06
3.74
3.48
3.84
4
3.79
3.27
4.19
3.73
3.9
3.67
4.19
3.75
3.59
3.59
3.83
3.77
3.77
3.95
3.41
3.48
3.65
3.64
4.15
4.2
3.43
3.85
4.7
4.04
3.65
3.53
3.79
4.2
3.64
3.63
3.78
3.02
4.46
3.17
4.03
4.34
3.41
3.66
4.33
3.9
4.11
3.49
4.14
3.98
3.03
4.4
4.4
4.86
3.77
3.22
3.39
4.02
3.92
5.27
4.02
3.55
3.91
4
4.11
3.88
3.58
3.48
4.13
3.23
3.31
3.49
3.54
3.63
3.37
3.57
3.03
3.51
3.43
3.46
3.78
3.38
3.68
3.98
3.13
4.23
3.42
3.95
4.19
3.15
3.18
3.84
3.79
4.96
3.8
4.13
3.65
3.91
3.6
4.36
4.11
3.93
4.09
3.81
3.32
4.62
3.37
3.28
4.16
3.61
3.4
3.27
4.17
4.26
4.67
4.88
4.65
3.63
3.84
3.76
3.84
3.61
4.03
3.58
4.37
3.5
3.68
3.85
4.17
3.75
4.07
3.39
3.61
3.82
3.91
4.61
2.81
3.3
3.83
4.01
3.6
3.48
3.81
3.92
3.07
3.36
3.79
3.94
3.84
4.28
4.11
4.12
3.45
4.09
3.5
3.19
3.42
3.39
3.42
4.57
3.72
4.24
4.49
3.57
4.43
3.9
4.33
3.74
3.77
3.52
3.74
3.73
4.04
3.35
4.5
3.7
3.56
4.43
3.41
4.26
3.62
3.91
4.71
4.15
4.25
4.04
3.7
3.62
3.71
3.43
3.38
5.1
3.81
4.5
3.94
3.88
4.47
3.45
3.52
3.51
3.88
3.98
3.57
4.08
4.16
3.74
5.11
3.63
3.82
3.8
4.13
4.28
5.02
3.73
3.97
3.84
4.83
4.14
4.6
5.01
3.28
3.67
4.52
4.56
3.21
3.73
3.39
3.48
3.87
4.48
3.68
3.99
3.85
4.88
4.23
3.3
3.86
5.07
4.05
3.77
3.57
4.07
5.43
3.38
4.29
3.87
3.86
4.45
3.74
4.15
4.11
3.66
3.95
3.45
3.25
3.31
3.94
3.35
4
4.44
3.49
3.7
3.93
3.86
3.79
4.03
3.71
3.41
4.16
3.85
3.6
3.43
4.49
3.4
3.82
4.07
3.31
3.55
4.21
4.09
4.02
3.72
3.5
3.71
3.74
3.5
3.76
3.49
3.8
3.53
3.52
3.57
4.4
3.45
4.44
3.5
3.69
4.21
4.79
4.36
3.56
3.86
4.15
3.6
3.46
3.35
3.85
3.49
4.25
4.71
4.33
5.34
3.95
3.39
3.15
3.65
3.99
3.84
3.91
3.91
3.6
3.5
3.18
3.65
3.37
4.32
3.91
3.69
4.16
4.02
4
3.07
3.73
3.73
3.85
3.3
3.98
3.8
4.03
5.44
3.76
3.56
3.62
3.46
3.59
3.63
4.19
3.44
3.24
3.23
4.36
3.39
3.99
4.58
4.31
3.69
3.55
3.69
4.01
3.33
3.7
3.98
3.46
4.8
3.87
3.23
3.76
3.57
4.44
4.13
4.17
4.31
3.41
3.99
3.9
3.97
4.37
3.72
4.04
3.53
4.32
3.37
3.75
3.5
3.78
4.34
3.24
4.41
3.68
3.33
3.35
3.79
3.27
4.92
3.51
3.93
3.43
4.68
3.68
3.73
4.17
4.07
3.55
4.1
4.1
3.5
4.33
3.35
3.67
3.63
3.62
3.73
4.09
3.66
4.08
3.99
3.98
4.03
4.18
3.5
4
3.32
4.38
4.09
4.06
3.62
3.66
3.78
3.21
4.14
3.86
3.73
3.32
3.93
3.67
3.37
3.33
4.37
3.86
3.71
5.18
3.46
3.49
3.44
3.39
3.58
3.33
3.99
3.99
3.46
3.41
4.13
3.81
4.58
3.8
3.46
3.74
3.23
3.24
4.33
4
4.18
3.59
3.81
3.7
3.36
3.69
3.69
3.52
3.66
3.14
3.77
4.85
4.07
4.2
3.68
3.23
3.64
3.43
3.12
4.02
5.24
4.4
3.62
3.71
3.68
4.04
3.74
3.95
3.35
4.34
4.41
4.59
3.89
4.15
4.19
3.75
3.81
3.74
3.94
4.02
5.51
4.44
3.34
3.41
4.27
3.68
3.79
4.13
3.93
3.89
3.55
3.44
4.74
3.78
4.55
3.96
3.68
3.88
4.18
4.2
4.1
4.15
4.59
4.11
3.74
4.33
3.36
4.28
3.88
3.75
3.59
3.29
3.44
4.27
4.76
3.56
4.47
3.32
4
3.86
3.05
3.23
3.82
4.18
3.57
4.68
3.7
4.32
4.92
3.8
3.93
3.72
5.22
4.11
4.3
3.39
3.34
3.57
3.57
3.64
3.17
3.22
4.2
3.96
4.29
3.42
3.95
3.91
5.01
4.72
4.39
4.72
3.9
3.6
3.43
3.46
4.01
4.22
2.99
3.47
3.65
5.01
3.44
4.35
4.36
3.22
4.35
3.78
3.64
3.61
3.97
3.55
4
3.64
3.91
4.01
4.76
3.4
3.55
3.71
3.73
3.69
3.63
4.05
3.48
3.62
4.12
3.65
3.19
3.52
4.17
3.39
4.07
4
3.48
4.14
3.51
3.8
4.6
3.83
3.79
4.8
3.97
3.69
3.9
3.95
3.91
4.05
3.53
4.07
3.51
4.17
3.25
4.42
3.84
4.23
3.86
3.79
3.94
4
3.47
3.9
3.67
3.71
4.5
3.47
3.78
4.15
3.51
4.15
3.99
3.25
3.75
4.06
3.82
4.54
4.18
4.22
3.41
3.43
3.62
4.01
3.92
3.53
4
4.45
3.53
3.83
4.61
3.33
3.4
4.12
3.87
4.5
3.27
3.81
4.27
4.39
2.95
6.5
4.03
4.4
3.71
4.85
4.01
3.24
4.04
3.37
3.47
3.96
4.72
4.61
3.44
4.3
3.98
3.78
4.63
4.01
3.89
4.14
4.44
3.8
4.27
3.97
3.69
3.88
4.22
3.81
3.98
3.75
3.52
3.52
4.86
3.55
3.62
3.5
4.27
4.68
4.27
3.95
4.77
3.31
3.49
4.45
3.07
4.81
3.79
4
4.14
4.14
4.27
3.17
3.71
3.62
3.66
3.93
4.21
3.66
3.68
3.33
3.82
3.2
3.39
3.59
4.44
3.45
3.99
4.46
3.99
3.56
3.24
4.04
4.12
3.86
3.76
4
4.55
3.37
4.18
4.77
4.08
4.65
3.79
3.28
4.3
3.51
3.79
3.78
3.68
4.15
4.33
4.6
4.11
4.16
4
4.03
4.33
3.78
3.66
3.47
4.38
6.2
4.19
3.81
3.8
4.58
4.17
3.91
4.02
3.94
3.7
3.61
3.94
3.44
4.09
4.53
4.16
4.53
3.58
3.74
4.13
4.23
3.32
4.19
3.64
3.76
4.12
3.47
3.73
3.5
3.55
3.29
3.62
3.34
3.58
3.46
3.52
3.88
4.09
4.08
4.44
3.76
4.54
3.04
3.87
4.3
3.69
3.33
4.06
3.85
3.05
3.32
4.26
4.2
4.22
3.62
4
3.82
3.95
3.29
3.5
4.1
3.37
4.51
4.1
3.73
3.96
4.77
3.44
4.15
3.79
3.46
3.72
4.69
4.09
3.77
3.69
3.56
3.69
3.97
3.84
4.06
3.62
3.82
3.35
4.01
3.64
3.84
3.16
3.95
4.45
4.07
4.03
3.61
4.6
3.89
4.29
4.19
4.02
3.76
5.46
3.6
3.78
3.3
3.16
4
3.86
3.13
3.65
4.19
3.51
3.22
3.34
5.31
3.69
4.43
4.11
4.06
4.1
4.43
4.57
4.05
3.71
4.5
4.05
3.71
3.83
4.17
5.43
3.52
4.22
3.61
3.79
3.74
3.88
3.62
4.08
3.68
4.26
3.75
4.27
3.29
3.69
3.69
3.42
4.97
3.48
4.07
3.83
3.68
4.39
3.83
3.92
4.11
4.79
3.84
3.88
3.89
4.23
5.28
3.34
4.04
4.02
3.07
3.41
4.17
5.25
3.46
3.89
4.44
3.94
3.96
4.27
3.87
3.42
3.13
5.09
3.65
3.48
3.79
3.83
3.8
3.07
3.5
3.9
3.85
4.23
3.52
3.13
3.8
3.38
4.72
4.72
3.9
3.82
3.79
3.59
3.64
3.83
3.23
4.23
4.06
4.3
4.01
3.98
4.01
3.69
4.01
4.72
4.27
3.57
3.87
3.96
4.91
4.2
3.75
3.6
3.35
4.07
3.96
3.56
4.09
3.69
4.1
4.04
3.65
3.74
4.27
3.95
3.3
4.38
3.96
3.44
3.56
4.19
3.2
4.49
3.37
3.55
3.31
3.15
3.41
4.45
3.55
3.55
4.05
3.44
3.58
3.65
3.48
3.18
4.01
3.76
4.06
3.82
3.77
4.15
4.01
3.71
2.75
3.73
3.35
3.41
3.82
3.11
3.59
3.64
3.58
4.02
3.94
3.89
4.07
4.21
4.16
3.92
4.09
4.47
4.23
4.48
3.62
3.73
3.94
3.41
3.69
4.14
3.41
3.54
3.69
3.37
3.77
4.12
3.18
4.86
3.54
3.04
3.15
4.31
3.72
4.07
3.67
3.57
3.74
4.06
3.86
4.53
4.51
4.24
4.06
3.52
3.91
4.08
4.38
4.62
3.49
4.31
3.34
3.73
3.28
5.65
3.55
4.39
3.86
4.45
3.92
3.46
3.89
4.62
3.36
3.81
3.33
4.18
4.53
3.97
4.02
4.15
4.97
3.71
3.85
3.38
4.74
3.48
4.38
3.69
3.48
3.55
4.31
3.59
3.46
3.86
3.67
3.66
3.75
4.42
3.94
4.09
3.76
3.55
3.64
3.71
4.04
4.78
3.74
4.03
3.75
3.44
3.87
4.14
3.92
4.04
4.05
3.33
3.28
3.79
3.33
4.12
4.06
4.26
4.2
3.83
3.65
3.92
3.69
3.75
3.9
3.86
3.22
3.64
4.53
3.49
4.16
3.66
3.72
3.71
3.35
3.13
4.09
3.23
3.84
5.36
5.27
3.56
4.03
3.59
3.74
3.33
3.63
3.92
3.46
3.62
4.43
3.58
4.14
3.63
3.54
4.89
3.76
3.96
3.94
4.07
4.65
3.99
4.03
3.15
3.97
4.02
4.81
3.85
4.4
3.61
3.36
4.2
3.6
3.91
3.81
4.02
4.2
3.91
3.61
4.48
4
3.43
3.59
4.67
3.58
4.06
4.35
3.94
3.71
3.66
3.54
3.23
4.22
4.49
4.06
3.93
3.88
4.78
3.16
3.17
4.7
4.38
3.6
4.27
3.57
3.65
3.17
4.12
4.16
3.41
3.85
3.75
3.73
4.17
4.73
4.16
3.52
3.85
3.7
3.31
3.34
3.63
4.1
4.4
4.73
3.84
3.06
3.95
3.68
3.42
3.86
3.34
3.7
3.79
3.71
4.12
4.09
3.61
4.59
3.5
4.42
3.69
3.78
3.22
3.59
3.76
3.65
4.63
4.06
3.31
3.9
4.11
3.7
3.68
3.61
3.71
3.71
3.72
3.68
4.64
3.65
4.37
3.86
3.75
3.33
3.75
4.01
3.87
4.14
3.8
4.15
3.4
3.7
3.69
3.24
3.85
3.17
3.56
3.74
4.07
3.76
3.81
4.53
3.84
3.79
3.06
3.87
3.49
3.18
3.41
3.14
4.27
4.1
3.29
3.83
4.04
3.63
3.47
4.37
3.62
3.33
3.7
3.56
4.78
3.75
5.56
4.08
4.13
4.01
3.18
3.47
4.25
4.1
3.44
4.13
3.3
3.34
3.67
3.68
3.8
4.36
3.42
3.99
4.16
3.6
4.58
3.8
3.78
3.69
3.67
3.66
3.75
4.31
3.88
4.63
4.25
3.57
4.01
4.42
4.01
4.3
3.03
4.4
3.28
3.67
4.25
3.66
4.58
3.65
4.05
4.11
3.65
4.06
3.86
3.67
4.69
3
4.42
3.43
4.01
3.74
3.67
3.93
4.56
3.7
3.94
4.43
4.93
3.61
4.03
3.2
3.64
3.08
3.75
3.59
3.64
4.81
3.9
3.93
3.84
4.35
3.81
3.72
3.85
3.39
4.17
4.06
3.82
3.89
3.74
4.77
4.47
3.76
4.23
5.05
3.73
3.27
3.76
3.57
3.7
3.64
3.89
3.66
3.59
3.27
3.64
3.19
3.46
3.91
4.76
3.87
3.35
3.29
3.91
4.02
3.57
3.28
4.02
3.46
4.03
3.15
3.39
3.89
3.67
4.11
3.66
3.94
4.21
4.76
4.26
3.82
3.97
3.87
4.36
3.28
3.14
3.12
3.91
4.16
4.67
4.38
3.98
3.33
4.33
3.61
3.47
3.81
3.86
3.5
3.83
3.55
3.42
4.08
3.31
3.75
3.62
3.85
3.28
3.7
3.48
3.4
4.37
3.77
3.6
4.04
3.96
3.19
4.2
3.38
4.15
3.24
3.24
3.04
4.48
3.73
3.93
4.36
3.98
3.63
3.39
3.75
3.63
3.32
3.71
4.15
4.35
4.2
4.51
3.91
4.24
3.36
4.29
3.87
3.83
3.65
3.86
4.53
3.37
3.32
3.7
3.91
4.24
3.44
3.92
4.16
4.7
3.85
4.05
4.67
3.4
3.67
3.86
3.94
4.63
3.89
4.27
3.3
4.06
4.4
3.31
3.97
6.25
3.61
3.93
4.97
4.09
3.68
3.72
3.52
4.33
3.68
3.56
4.13
3.27
3.55
3.17
4
3.5
3.49
4.75
3.39
4.09
3.64
3.83
3.8
3.84
4.29
4.89
3.62
4.14
3.67
3.73
3.81
3.39
6
3.73
3.39
3.29
4.04
4.1
3.66
4.05
4.02
3.88
4.16
3.92
3.81
3.77
3.93
3.43
4.66
3.92
4.26
3.97
5.42
3.42
3.51
4.13
3.98
3.51
3.05
3.47
3.32
3.87
3.87
3.26
4.99
3.99
3.49
4.35
3.89
3.61
4.61
3.78
3.91
3.81
2.91
3.4
4.46
3.27
3.74
3.86
5.12
3.69
4.01
4.3
3.73
3.95
3.02
5.2
3.82
3.96
4.16
4.31
3.51
3.81
3.24
4.15
3.44
3.87
4.15
3.83
3.71
4.16
3.84
4.08
3.37
3.38
4.01
3.94
4.42
4.07
4.22
4.12
3.52
3.6
3.43
4.1
4.03
4.18
3.66
3.79
4.2
3.65
3.37
3.91
4.16
4.43
3.65
3.36
3.74
4.67
4.03
3.28
4.36
3.81
4.21
4.44
3.91
4.08
3.65
4.26
3.75
3.65
3.42
4.01
4.03
3.81
3.64
4.3
4.44
3.98
2.91
3.75
3.44
3.52
3.91
3.28
5.37
3.68
4.23
4.33
4.09
4.46
3.53
3.56
3.96
4.59
4
3.65
3.67
3.97
3.55
3.86
3.85
4.1
4.29
3.45
3.67
3.54
4.5
3.42
3.42
4.62
3.74
4.01
3.73
3.81
3.85
4.66
3.75
3.91
3.97
4.99
3.32
3.99
3.32
3.79
4.3
3.69
3.63
3.89
3.77
3.61
3.86
3.79
4.6
3.67
3.24
3.91
4.12
3.58
4.21
3.98
4.88
4.01
4.4
4.32
3.7
3.92
4.69
4.81
3.85
3.36
3.67
4.1
3.98
3.67
4.25
4.76
3.61
3.8
3.59
3.48
3.98
3.97
3.92
4.67
4.13
3.55
3.32
4.74
3.45
4.3
4.58
3.12
3.5
4.19
3.6
3.8
4.01
4.2
3.91
4.23
3.44
3.55
3.87
4.1
3.54
3.47
4.63
3.49
3.59
3.67
3.04
3.86
3.71
4.89
3.83
2.95
4.03
3.83
3.62
4.62
3.44
3.06
3.64
3.6
4.18
3.43
3.88
4.72
3.75
4.04
3.73
3.13
3.11
3.46
3.27
2.94
3.42
3.75
4.02
4.17
3.43
3.71
3.66
4.08
3.69
3.5
3.93
5.1
4.79
3.84
3.59
4.05
3.48
3.39
3.72
3.85
4.28
3.58
3.79
4.04
3.56
4.3
3.81
3.38
4.34
4.65
3.52
4.06
3.74
4.32
3.55
4.2
4.6
3.04
3.63
3.65
3.63
3.26
3.82
3.65
4.49
3.61
4.42
4.08
3.51
3.93
3.95
3.91
3.84
2.87
4.29
3.2
4.37
3.81
3.59
3.66
3.84
3.4
4.09
3.48
4.29
4.28
3.67
4.06
4.03
5.18
4.29
3.37
4.12
4.1
4.28
3.88
4.27
3.6
3.99
3.84
3.84
3.39
3.3
3.79
3.54
4.19
4.06
4.5
3.81
3.47
3.62
4
3.76
4.7
4.04
3.77
3.84
3.59
3.44
3.97
4.57
4.57
4.31
3.7
4.26
3.18
3.93
4.07
3.92
3.64
3.53
3.73
3.44
4.25
4.46
4.12
4.65
3.97
3.59
3.37
4.35
4.03
3.51
3.29
3.87
4.29
4.11
4.15
3.41
3.18
3.7
4.1
4.17
4.06
3.55
4.97
5.06
3.7
3.33
3.83
3.97
3.79
3.98
4.3
3.55
3.47
4.07
3.9
4.32
4.06
5.01
3.36
3.86
3.99
3.38
3.26
4.35
3.88
3.82
3.47
5.19
3.62
3.62
3.83
3.64
3.56
3.07
4.4
3.56
3.73
3.83
3.55
3.96
3.63
3.74
4.15
3.48
3.89
3.18
4.29
3.86
3.83
3.82
4.73
3.62
3.78
3.59
4.78
3.78
3.72
4.15
3.51
3.64
4.72
3.4
4.37
3.51
4.18
3.32
3.94
3.85
4.28
3.96
3.4
4.08
3.92
4.12
3.85
3.17
4.04
3.53
4.13
4.33
4.19
5.33
4.76
3.71
3.39
3.76
3.95
3.75
4.31
4.3
3.42
3.9
3.21
3.39
3.86
4.18
3.95
5.02
3.9
4.52
4.52
3.46
4.03
3.99
3.99
3.79
5.52
4.07
6.1
4.04
3.94
3.89
4.76
4.19
3.78
4.88
3.58
3.54
4.29
4.1
3.67
3.7
3.87
3.78
3.4
4.23
3.86
4.54
4.56
4.09
4.04
3.34
3.35
3.58
3.39
3.51
4.33
3.38
3.34
3.81
5.35
3.52
4.04
4.61
4.2
3.69
4.45
3.54
3.35
3.6
4.18
4.05
4.06
4.1
3.06
4.01
3.84
3.86
3.2
3.39
3.55
3.2
3.57
3.46
3.92
3.44
3.99
4.87
3.07
3.74
3.55
4.28
3.99
3.7
3.46
4.63
3.29
3.36
3.79
3.7
3.29
3.84
3.85
3.73
3.02
4.1
3.62
4.07
3.84
5.51
4.81
3.33
3.77
3.62
3.74
3.91
3.12
3.24
4.17
4.1
4.4
4.07
3.52
4.14
3.38
3.44
3.85
3.97
4.53
3.21
5.1
3.95
3.75
3.64
3.76
5.63
4.05
3.78
4.69
4.22
3.74
3.15
4.12
3.92
3.65
2.99
3.81
3.55
3.12
3.4
3.48
3.23
3.76
3.46
3.58
4.29
3.98
3.44
3.39
3.79
4.55
3.94
3.73
3.82
3.88
3.83
4.61
4.34
3.82
3.29
4.36
3.72
3.63
3.3
3.4
3.95
3.58
3.82
3.53
3.92
4.18
3.85
4.23
3.71
3.4
4.24
4.36
4.13
4.23
3.25
3.86
3.29
4.56
4.23
4.18
3.2
3.79
3.85
3.29
3.5
4.29
3.65
3.64
4.43
3.26
3.84
4.13
3.88
3.63
4.16
3.95
4.59
4.25
3.73
3.96
3.48
3.58
4.08
3.58
3.66
3.83
3.55
3.84
3.96
3.48
3.8
3.94
4.38
4.2
3.75
4.48
4.77
3.58
3.19
3.54
4.1
3.85
4.15
4.11
3.86
3.28
4.74
3.31
4.29
3.75
4.2
3.42
4.13
3.62
3.88
4.44
3.72
4.07
3.64
3.96
3.46
3.39
4.17
3.57
3.88
5.52
3.38
3.54
3.21
4.6
4.55
4.18
4.52
3.83
4.85
3.86
3.93
4.31
3.58
4.03
3.03
3.57
4.32
3.56
3.68
4.37
3.45
3.79
4.39
4.45
3.66
4.09
4.11
4.33
4.95
4.48
3.7
3.78
4.23
3.9
4.46
3.83
3.28
3.8
3.85
4.07
3.32
4
3.75
3.57
3.75
4.04
3.25
3.72
3.85
3.8
3.29
4.52
3.5
3.79
3.52
3.77
3.59
3.56
4.11
3.85
3.52
3.25
4.35
3.38
4.08
4.03
3.88
4.92
3.34
3.54
4.53
4.2
4.13
3.62
4.45
4.39
3.3
4.08
4.07
3.79
3.46
3.57
4.92
3.18
4.19
3.74
2.97
3.65
4.87
3.81
3.83
3.84
3.38
3.88
4.08
4.07
4.11
3.65
4.29
3.67
3.92
4.21
3.4
4.17
3.9
4.35
5.22
3.7
4.39
3.54
4.19
3.99
4.49
4.36
3.57
3.83
3.66
3.34
3.62
3.6
3.39
5.76
3.85
5.5
4.04
4.13
3.76
3.94
3.83
3.87
3.99
3.67
3.6
3.7
4.63
3.99
5.13
3.9
3.52
3.67
4.15
4.11
4.38
3.99
3.73
4.1
4.09
4.44
3.67
3.78
3.99
3.6
4.1
4.03
4.08
4.68
3.86
4.14
3.14
3.52
4.25
3.41
3.95
4.02
4.2
4
4.03
3.68
4.72
3.54
5.09
3.61
3.83
3.72
3.77
4.17
4.16
4.03
4.18
3.47
4.37
4.07
3.6
3.17
4.14
4.41
4.19
3.03
3.61
4.56
3.3
4.64
3.41
3.92
3.94
3.67
4.41
3.4
3.65
3.54
3.65
3.43
4.33
3.06
4.17
3.54
3.7
3.78
3.62
3.72
3.57
3.21
4
3.86
3.62
3.62
3.58
3.74
4.54
3.52
3.88
3.59
3.46
3.95
4.06
3.98
3.52
3.83
3.5
3.63
5.58
4.55
4.32
4.29
3.66
3.53
3.95
4.22
4.14
3.91
3.73
3.43
3.55
3.58
4.22
3.59
4.03
3.99
4
3.79
3.8
3.38
4.22
4.1
4.14
4.04
3.89
5.3
3.55
3.7
3.48
3.77
4.09
3.83
3.8
4.17
4.68
4.11
4.01
3.81
3.33
3.5
4.67
3.64
3.36
4.07
4.51
3.73
3.52
3.77
4.05
3.45
4.25
3.41
4.41
3.67
4.15
4.25
3.71
4.05
3.83
3.58
3.6
3.48
3.45
3.73
3.33
4.11
3.55
2.94
4.44
4.06
3.5
3.66
3.9
3.31
4.25
3.94
4.02
3.75
3.58
4.15
3.89
3.95
3.8
4.07
4.55
3.52
3.59
4.07
3.96
4.61
4.13
4.02
4.93
3.81
4.91
3.67
4.35
3.8
4.49
3.49
3.41
3.93
3.22
4.04
3.3
4.18
3.24
3.91
3.59
3.55
3.96
4.38
3.97
3.65
3.66
3.86
3.5
5.12
3.7
4.08
3.55
3.25
3.6
4.05
4.19
3.53
3.96
3.97
3.46
3.63
4.03
3.68
3.7
4.21
4.69
4.07
3.74
4.04
3.46
5.19
3.87
3.66
4.35
3.36
4.45
3.87
3.98
3.34
4.23
3.9
3.82
4.34
3.92
3.77
3.99
4.92
4.08
4.02
4.01
3.83
3.91
3.81
3.76
3.42
4.05
3.74
3.86
3.71
3.98
3.73
4.7
3.75
4.43
3.54
4.03
3.97
4.79
4.15
3.3
4.89
3.9
5.1
3.65
3.23
3.6
4.01
3.85
3.58
3.86
4.1
4.12
3.27
5.04
3.56
4.64
3.21
3.55
4.05
3.56
3.83
4.64
4.08
3.79
3.67
3.56
4.28
2.9
3.46
3.49
2.84
3.44
3.75
3.81
3.54
3.72
3.78
3.95
3.19
3.71
3.7
3.87
3.52
3.28
3.07
3.52
3.61
3.81
3.73
4.53
4.03
3.99
4.31
4.25
3.66
4.53
3.65
3.59
3.53
3.43
3.54
3.82
4.01
4.51
3.19
3.96
4.12
4.14
3.09
3.66
3.64
3.99
3.48
4.24
4.08
3.9
3.17
3.36
4.6
3.46
3.65
3.42
3.5
3.45
4.15
3.46
3.54
4.63
3.42
3.4
4.12
4.07
4.02
3.92
3.34
3.37
3.49
4.2
4.5
4.11
4.24
4.09
4.09
3.98
3.66
4.06
3.79
3.24
3.56
4.22
3.95
4.41
3.79
3.99
3.06
3.68
3.77
4.17
3.81
3.53
4.1
4.28
4.2
3.93
3.72
4.6
3.97
3.62
3.32
3.94
3.49
4.26
4.77
3.31
3.68
4.28
3.82
4
4.02
4.49
3.42
3.77
4.12
3.63
5.56
3.46
4.18
3.53
4.09
4.52
4.47
3.71
4.28
4.18
3.93
3.3
3.46
3.56
4.35
3.98
3.98
3.88
3.36
3.67
4.1
3.77
4.38
3.45
4.45
3.35
3.91
3.21
3.88
3.55
3.99
4.17
3.76
3.51
4.12
4.49
4.56
3.88
4.06
4.05
3.23
4.27
3.43
3.83
4.45
4.31
4.14
3.89
3.72
3.01
3.77
3.96
3.89
4.69
4.31
3.87
3.02
3.62
3.68
4.81
4.04
4.48
3.61
6022.09
3.93
3.3
4.1
3.3
3.97
4.39
4.1
4.12
3.81
3.99
4.61
3.67
3.58
4.4
3.44
4.77
3.7
4.66
2.91
3.54
3.74
3.73
3.85
3.66
3.89
4.8
3.35
4.3
3.67
3.85
4.1
4.17
3.84
3.97
3.46
3.91
4.44
3.75
3.48
3.59
3.97
3.88
5.13
4.06
3.74
3.54
4.07
3.83
3.9
3.57
4.4
4.26
4.05
4.59
3.79
3.89
3.75
3.83
4.17
3.99
5.25
3.66
4.18
3.57
3.41
4.31
4.41
4.08
3.78
3.2
3.47
3.2
4
3.96
3.8
4
4.17
3.69
3.23
4.08
3.86
3.53
4.75
3.83
3.69
3.73
4.37
4.88
3.98
4.09
4.11
3.95
3.64
4.03
4.92
4.18
3.68
4.06
3.78
4.1
3.79
3.74
3.51
4.44
3.39
4.13
3.86
3.91
4.01
4.1
3.62
3.91
4.18
3.73
3.67
4.09
4.23
3.77
4.83
4.03
3.72
3.85
4.26
4.09
4.2
3.05
3.76
4.12
3.31
3.16
4.22
4.96
3.31
4.2
4.2
3.6
3.74
3.98
3.55
4.1
3.21
3.6
3.27
3.78
3.94
3.72
3.64
3.88
3.82
3.35
3.48
4.49
3.48
3.98
4.19
4.08
3.64
3.85
3.68
3.58
4.69
4.2
3.54
3.91
3.9
3.58
4.51
3.28
3.44
4.08
3.31
3.9
4.63
3.82
3.61
3.25
4.05
3.8
3.92
4.21
3.66
4.47
3.7
3.91
4.58
3.83
3.38
3.66
3.09
4.09
4.96
3.67
3.64
3.53
3.51
3.09
3.99
3.68
3.72
4.13
4
4.47
4.38
3.64
4.56
3.82
3.53
3.97
4.57
3.66
3.57
3.9
3.69
3.2
3.51
3.23
3.83
3.89
3.55
3.61
4.02
4.39
3.08
4.81
4.18
3.4
3.38
4.87
3.37
3.79
3.66
4.41
4.38
3.24
3.93
3.51
3.87
3.52
3.43
3.92
4.08
4.01
3.21
3.56
3.61
4.75
3.77
3.32
4.24
4.57
3.79
3.69
3.3
4.06
3.39
3.68
3.89
3.99
3.93
3.45
3.38
4.38
4.26
4.04
4.37
3.4
3.23
3.72
3.6
4.06
4.69
3.33
3.27
3.65
4.06
4.04
4.22
3.67
3.44
4.14
3.62
3.65
3.75
3.33
3.85
4.29
3.78
3.54
4.06
3.88
3.39
4.63
4.35
4.65
4.62
3.63
3.7
4.25
4.11
5.07
3.63
4.02
4.91
4.8
4.05
3.69
3.75
3.44
4.19
3.95
3.95
3.92
3.83
4.48
3.55
4.29
3.42
4.09
3.55
4.34
3.58
3.57
3.69
3.89
3.82
4.19
3.56
3.66
2.91
3.1
4.95
3.61
4
4.53
3.61
3.37
4.09
4.25
4.07
3.87
3.2
5.41
4.28
3.48
3.85
3.44
4.02
3.19
3.46
3.65
3.6
3.85
3.82
3.31
4.58
3.52
3.84
3.22
3.52
5.54
3.87
3.78
3.99
4.82
2.96
3.97
3.46
3.07
3.8
4.04
4.09
3.51
3.65
4.04
4.59
4.2
3.81
3.92
3.73
3.87
3.56
5.94
3.79
3.11
4.5
3.93
4.35
3.22
4.01
4.1
3.76
4.27
4.11
3.02
3.89
3.84
4.04
4.11
3.8
3.36
3.98
3.78
3.7
3.29
3.82
3.93
3.81
3.9
4.05
3.7
3.69
4.19
4.62
4.18
4.22
4.61
4.01
3.33
3.77
3.56
4.13
3.22
4.89
4.8
3.97
4.31
3.37
3.87
4.63
3.73
3.67
4.34
3.37
3.14
3.86
4.26
3.82
4.12
3.32
4.59
3.67
3.84
4.05
3.72
4
3.42
3.99
4.08
4.23
4.03
3.37
4.49
3.55
3.82
5.08
3.65
3.62
3.45
3.78
3.47
4.82
3.7
3.75
3.82
3.79
4.52
3.17
3.77
3.3
3.24
3.99
3.98
4.61
3.74
4.16
4.18
3.21
3.76
4.45
3.81
