3.57
3.86
6.66
3.46
3.5
4.68
9.35
5.43
4.05
4.55
5.16
5
2.7
3.68
4.1
5.78
8.69
3.34
4.91
3.58
2.82
4.89
3.89
4.77
8.39
5.71
3.94
3.17
7.21
3.91
3.47
4.34
2.97
3.05
4.58
4.08
3.96
4.56
3.04
4.84
3.17
4.43
4.99
5.44
3.71
3.9
3.75
3.99
2.69
4.5
3.98
6.89
3.71
2.82
6.27
4.53
3.16
3.58
6.26
6.73
3.44
2.56
4.92
3.89
4.49
12.07
2.67
3.48
3.27
3.83
4.43
4.92
4.52
14.27
4.26
2.87
8.9
4.77
3.01
7.27
3.42
4.51
4.39
4.11
5.15
4.56
3.52
4.48
6.79
3.11
4.07
3.67
8.28
4.92
4.77
3.27
3.06
3.27
5.64
3.74
4.62
2.54
4.22
3.42
4.2
2.71
2.77
3.01
3.06
3.16
7.11
3.99
5.06
2.87
3.27
3.45
2.57
2.36
3.31
3.53
3.73
5.67
4.17
3.31
3.78
5.51
4.04
3.52
4.34
4.11
6.6
4.95
2.41
3.04
4.97
3.73
2.48
4.17
4.41
8.51
3.45
3.26
4.09
3.98
7.62
9.49
4.13
5.18
5.54
5.08
3.6
3.11
4.78
4.81
6.03
5.94
4.08
9.41
3
4.14
2.74
3.43
3.5
4.56
4.47
4.81
4.06
3.56
4.66
3.42
4.71
5.57
4.9
3.66
5.41
3.06
2.59
10.48
3.83
4.66
4.05
4.81
4.95
3.3
9.92
3.63
6.28
4.2
5.12
6.69
3.23
3.75
2.59
4.93
4.45
3.61
3.88
2.4
6.24
3.48
2.77
3.52
3.18
3.79
4.46
3.96
3.73
3.56
7.32
5.22
5.83
3.56
4.04
4.07
3.53
3.81
4.31
6.1
4.73
5.43
4.58
3.88
3.72
3.15
5.55
6.7
3.81
3.54
4.59
3.74
4.07
5.44
5.29
3.34
4.83
4.51
8.64
25.11
5.07
3.64
3.2
3.32
4.63
3.52
7.28
5.87
4.81
3.48
6.73
3.65
3.23
3.13
6.12
4.54
3.96
2.24
3.77
3.96
6.96
5.14
3.17
3.31
3.79
2.53
4.22
4.52
3.91
3.37
3.7
3.35
4.31
2.94
7.32
3.32
7.99
4.14
5.09
3.8
3.24
3.76
4.23
8.25
3.84
4.05
4.66
2.8
2.9
2.84
3.71
3.2
3.48
5.98
4.87
6.94
3.1
3.1
3.24
3.86
3.85
2.77
3.37
11.9
3.73
3.22
3.41
6.64
3.47
2.9
8.35
3.42
4.76
4.15
4.21
3.95
3.95
4.65
4.67
3.16
3.84
3.09
2.91
3.18
4.89
4.06
6.57
4.81
3.46
3.77
3.84
6.55
2.94
3.24
2.9
6.82
3.48
3.89
5.99
3.38
4
6.1
6.11
4.91
4.44
3.11
4.52
4.31
3.21
3.37
3.39
5.31
2.7
2.97
2.47
3.92
2.7
4.4
4.05
5.16
2.52
2.76
3.92
3.31
2.65
3.09
2.03
10.46
2.91
3.89
2.98
3.61
3.23
6.85
4.61
4.25
3.27
4.57
4.68
6.65
9.63
2.59
2.71
4.16
3.71
6.36
2.55
4.23
7.6
3.58
5.48
2.65
3.11
5.13
6.29
6.52
2.85
3.45
4.1
3.51
3.36
5.36
4.83
2.93
4.13
3.76
3.91
5.51
3.95
3.75
3.59
4.3
3.72
5.2
4.54
3.6
3.99
5.67
2.63
3.38
6.06
5.95
3.49
4.17
9.67
4.62
2.97
2.82
3.15
3.84
3.02
4.11
3.97
2.91
4.52
3.99
4.46
2.84
5.07
6.84
4.3
4.17
4.09
2.56
6.5
3.03
4.76
3.55
4.69
4.21
5.08
4.61
3.35
4.77
4.89
5.56
5.91
2.78
5.6
2.67
5.77
3.22
3.54
4.56
4.18
4.17
5.35
3.08
4.67
2.96
4.15
4.23
5.63
3.08
3.51
4.08
3.12
4.56
3.65
3.31
4.81
4.17
3.56
7.14
3.94
2.37
4.25
4.5
5.29
4.31
3.39
5.7
3.59
4.49
3.4
2.81
10.81
3.28
3.77
3.5
3.43
8.03
5.15
3.57
5
2.57
3.31
3.37
4.12
3.72
4.34
3.29
6.67
2.55
5.6
3.47
2.95
3.12
3.59
3.45
3.67
3.8
6.33
3.25
4.36
3.86
3.76
3.57
4
6.13
6.54
3.17
2.89
3.06
6.21
3.77
3.6
6.05
5.23
4.2
5.21
4.81
6.99
4.16
2.7
3.66
4.99
5.59
3.31
3.67
4.94
50.39
4.03
2.73
3.67
4.51
3.46
3.56
3.61
6.18
4.69
6.83
3.23
4.36
4.19
5.76
3.41
2.73
4.01
4.92
3.26
6.57
5.12
3.68
2.12
3.08
4.58
3.54
3.48
3.68
4.71
3.27
2.92
3.38
4.71
4.91
2.67
3.35
5.75
2.44
3.28
3.39
3.31
7.96
3.85
4.25
3.83
4.45
2.79
2.75
8.14
3.04
4.25
3.89
6.96
2.77
3.59
7.36
5.19
3.64
5.78
3.08
5.35
4.19
3.22
4.45
3.28
3.78
5.79
5.21
3.54
4.51
2.99
5.45
4.4
3.44
5.64
4.85
2.47
7.49
5.59
6.38
4.9
2.67
3.08
2.65
4.13
4.91
2.77
3.21
4.86
2.95
3.88
3.21
2.73
2.75
5.04
3.63
4.97
9.7
9.13
3.14
3.88
4.05
3.06
3.61
3.65
3.47
3.86
7.02
3.56
3.53
3.35
4.52
2.79
3.94
3.35
4.11
4.55
4.32
3.37
2.71
5.77
2.72
4.27
4.88
4.73
6.22
4.03
3.86
2.83
4.24
4.49
3.4
3.25
4.38
5.51
5.86
3.46
4.4
5.64
3.9
8.85
2.82
4.26
5.64
3.47
4.16
3.11
3.35
5.3
6.94
4.5
3.19
3.8
3.84
3.98
4.95
8.88
3.04
2.59
4.02
3.51
3.31
4.6
3.78
4.98
2.6
5.51
4.12
4.62
3.49
3.06
4.63
4.03
3.58
4.02
4.03
3.61
2.67
4.82
2.91
3.83
3.11
3.95
4.22
3.69
4.32
3.02
3.2
3.24
3.84
4.5
3.72
4.41
4.37
6.02
4.18
4.19
6.05
3.7
4.7
2.66
4.07
3.52
2.5
3.03
5.29
3.27
4.48
3.79
108.07
4.98
3.48
3.21
3.7
5.38
4.79
3.96
3.48
3.52
4.07
6.62
3.38
5
5.67
3.38
4.67
4.78
4.08
3.43
3.49
5.27
3.49
9.27
2.79
4.15
3.01
2.64
4.52
5.5
5.45
7.38
3.15
3.98
2.84
3.54
2.65
3.37
3.22
4.12
5.35
4.25
4.09
6.83
5.12
5.08
5.52
2.78
2.91
3
3.13
8.77
3.65
3.01
3.61
5.24
2.75
6.11
4.83
3.5
5.09
3.6
2.82
3.12
3.25
3.49
3.83
2.98
5.05
2.48
3.02
3.41
4.15
6.32
5.63
4.44
2.87
3.55
6.99
4.33
3.6
3.15
4.77
5.44
3.09
3.09
3.48
4.1
4.45
6.99
3.27
4.62
4
5.03
5.09
4.3
2.88
3.59
4.65
3.71
3.15
5.46
3.89
2.99
4.2
5.31
2.85
3.91
4.34
4.05
3.69
3.37
3.44
4.11
2.2
5.75
4.21
3.83
4.33
4.63
5.02
3.24
4.28
4.13
3.04
3.78
3.91
2.87
5.26
3.29
9.44
4.14
2.2
4.9
2.58
3.4
4.03
3.62
3.57
5.32
4.22
2.85
4.11
2.26
2.29
3.83
4.06
2.69
3.85
7.63
7.42
4.29
4.54
6.43
3.87
4.8
2.72
3.84
4.75
3.53
4.4
3.26
5.12
4.6
8.28
3.56
3.53
3.65
6.85
3.89
3.79
6.46
4.79
2.85
3.84
9.11
3.13
4.39
6.12
2.93
3
3.73
3.61
2.74
3.69
4.74
5.91
2.4
4.18
5.09
4.87
2.56
4.73
3.6
4.13
3.18
5.84
7.97
3.19
4.15
3.66
3.43
3.13
7.07
5.66
3.71
3.68
3.3
4.49
2.86
3.19
3.24
5.9
4.35
5.97
3.45
8.19
3.36
4.21
3.34
6.48
8.61
3.15
6.87
4.96
3.04
3.73
3.95
4.88
5.69
11.26
3.96
2.82
3.41
2.74
3.07
4.54
2.75
3.26
2.84
3.57
