5.28
3.1
4.37
7.01
5.14
3.31
5.14
4.72
3.01
4.07
3.2
4.31
3.49
4.35
6.13
4.96
6.74
4.83
4.73
3.76
6.23
3.52
9.34
3.69
3.68
3.68
3.4
5.29
3.59
4.39
4.57
3.4
3.66
4.44
3.51
2.71
7.65
3.64
5.54
3.96
4.5
3.01
2.98
4.09
7.11
3.22
3.87
6.23
3.97
2.58
5.51
4.6
3.67
4.75
6.75
3.92
3.47
5.85
3.91
4.98
3.82
2.68
5.58
4.11
4.63
4.32
2.74
4.32
4.43
5.71
4.4
4.29
6.76
4.21
5.11
2.89
4.78
2.92
5.66
5.03
3.02
4.47
3.71
2.97
2.27
6.42
4.26
4.11
3.14
5.62
4.54
5.65
2.78
3.22
3.35
3.66
3.83
5.29
4.05
3.95
3.76
2.35
3.78
2.35
5.55
4.55
5.29
3.48
2.89
5.38
2.7
4.01
4.89
4.04
2.9
9.65
4.89
3.56
4.77
3.36
4.48
4.91
2.58
2.68
4.03
6.38
4.31
3.99
2.5
6.72
4.34
4.24
6.21
6.89
4.44
7.1
3.07
3.39
4.06
3.85
2.99
2.48
6.17
3.21
4.08
2.65
3.98
3.67
9.01
6.15
4.36
6.32
4.18
3.12
2.36
5.76
6.09
3.63
3.65
2.91
2.4
4.5
4.03
4.3
2.82
3.27
3.13
5.42
3.88
2.45
5.56
6.38
3.53
3.75
4.07
3.25
4.28
3.58
3.42
5.2
3.33
2.21
3.59
3.18
4.04
7.39
4.56
4.08
3.93
2.89
5.13
3.09
2.88
4.43
3.95
3.24
8.76
4.99
4.91
3.78
4.61
3.15
3.98
3.3
4.45
4.59
3.71
3.27
3.97
3.96
2.85
4.3
3.19
5.42
6.69
2.63
4.36
5.86
4.02
3.89
4.2
3.54
5.06
4.69
6.07
7.13
2.56
6.8
9.84
4.59
3.29
2.65
4.85
4.66
4.14
3.8
3.12
3.65
3.91
3.56
4.56
7.33
3.61
2.83
5.5
3.69
5.29
3.68
2.96
4.24
3.23
5.6
8.04
5.12
3.79
3.6
4.06
2.93
2.52
5.89
2.45
3.16
5.41
3.12
5.21
3.24
4.72
4.87
3.54
6.15
3.94
3.27
4.21
3.09
5.45
3.6
2.52
7.49
5.3
10.06
4.19
3.98
3.7
3.67
3.65
3.46
4.84
3.19
3.98
3.43
3.05
4.94
2.9
4.73
2.66
3.45
3.77
2.85
3.3
2.82
3.26
8.55
2.86
2.55
3.24
4.12
3.32
3.88
4.12
3.42
5.36
5.15
5.91
3.16
3.81
4
3.76
5.23
2.95
6.3
3.89
3.31
2.53
4.23
4.07
3.24
4.97
4.26
3.96
3.03
4.36
2.69
5.61
3.21
4.05
11.09
5.71
6.74
5.41
2.49
8.47
2.92
3.84
3.9
3.29
3.64
4.57
2.78
3.75
3.81
3.1
3.8
6.37
3.46
3.85
3.8
3.13
4.25
3.26
2.91
4.55
3.51
4.37
4.55
5.15
2.47
4.64
3.55
6.16
4.44
3.25
3.32
4.03
3.02
2.76
4.51
5.26
4.62
4.37
4.5
3.73
4.32
8.43
3.66
4.92
2.95
5.89
5.47
3.59
3.57
5.54
4.66
3.13
24.97
3.04
3.54
3.73
4.92
2.38
3.45
3.28
5.39
8.51
4.57
4.2
3.08
4.37
3.78
6.67
5.27
5.7
7.05
3.53
2.77
3.61
3.24
3.63
12.02
4.3
16.77
3.56
7.21
6.12
3.93
3.72
2.87
3.68
3.9
3.96
5.13
3
5.86
4.07
3.21
9.1
7.21
3.92
3.17
2.95
3.36
8.76
3.21
5.39
4.05
2.84
4.05
3.86
4.72
3.71
2.88
3.25
3.13
5.75
3.59
3.73
4.63
3.28
4.04
4.38
3.76
2.76
5.69
4.36
4.03
3.93
6.76
4.08
3.73
3.4
3
4.96
3.47
3.8
3.28
2.9
3.92
5.48
6.57
4.17
2.52
4.36
5.1
4.25
6.83
3.28
3.26
7.83
4.05
4.49
3.56
3.44
3.75
6.08
3.52
3.48
2.78
3.57
2.52
2.39
3.65
7.18
2.6
3.03
4.04
3.7
4.17
2.91
3.9
5.64
6.23
4.3
3.35
4.02
4.05
4.21
3.28
6.71
7.21
5.82
3.64
2.7
3.63
3.27
3.36
3.69
4.03
4.06
4.68
2.63
3.37
3.91
4.96
4.72
4.15
3.94
2.83
6.06
2.93
2.37
2.79
2.91
3.59
4.51
3.55
3.32
4.85
5.35
3.28
3.28
2.84
3.47
4.23
7.42
3.98
3.87
3.09
5.91
2.79
5.32
2.89
4.53
5.7
3.96
10.12
3.24
4.74
4.26
3.59
8.42
3.83
3.34
2.03
4.26
4.54
3.71
4.56
3.23
4.95
4.16
15.11
4.54
5.64
2.89
5.04
5.09
5.78
4.33
5.84
3.97
2.6
3.03
3.4
3.27
4.38
3.57
3.44
3.89
3.91
3.2
3.3
5.21
3.66
3.36
2.95
4.7
4.54
7.34
3.02
4.98
14.69
5.49
4.03
4.44
3.23
3.26
2.81
6.27
3.75
5.5
5.48
3.66
4.11
4.28
3.82
5.59
4.86
3.48
11.3
6.85
2.56
3.2
10.99
3.54
3.43
2.66
2.73
3.44
3
5.97
3.35
3.06
5.16
4.16
5.01
5.23
3.86
3.11
6.5
5.33
2.76
3.75
3.75
3.16
3.38
7.18
4.38
3.24
7.56
4.95
3.32
6.59
4.16
3.74
3.74
4.66
2.9
3.21
3.42
4.5
3.23
2.3
4.27
2.92
3.41
3.73
3.98
4.39
2.1
5.01
3.89
3.47
2.83
4.45
3.82
4.26
4.44
4.97
15.96
4.44
4.03
4.4
4.98
3.25
7.3
3.46
2.92
3.49
3.57
3.51
6.23
24.88
3.03
3.56
4.21
3.7
2.93
3.15
5.86
4.68
4.9
4.98
4.18
2.19
13.12
7.26
6.07
5.33
6.57
4.49
4.17
5.46
4.66
3.6
4.15
2.88
2.98
4.9
3.76
2.93
4.72
4.77
2.28
10.42
4.56
7.36
2.61
5.7
2.76
3.09
3.47
3.7
8.05
4.91
2.97
5.83
4.64
2.92
4.49
5.37
4.23
4.19
2.94
3.24
3.74
3.19
3.36
7.3
9.23
4.29
4.37
6.89
3.77
2.9
6.54
3.59
4.4
3.35
4.17
4.31
6.94
3.18
3.26
7.8
5.07
6.04
4.27
4.34
2.61
3.61
3.08
4.78
4.26
3.16
3.57
7.51
3.5
3.66
4.33
2.75
3.06
9.13
4.66
3.33
2.62
2.52
5.79
4.06
9.52
54.99
3.73
3.56
3.38
3.66
4.33
3.28
2.96
3.45
3.8
3.05
2.58
6.09
3.68
5.57
3.18
4.21
4.18
4.61
4.88
3.93
3.89
3.02
2.64
3.78
8.54
3.71
4.97
8.44
2.4
3.88
2.49
3.19
3.8
4.59
3.71
3.08
2.65
2.84
4.5
5.63
8
3.57
5.09
3.79
4.91
3.92
3.92
3.69
3.94
3.66
2.81
3.58
3.53
5.07
4.93
3.65
4.72
3.99
2.9
6.1
3.57
3.38
3.02
4.18
6.69
3.61
4.7
3.78
2.72
2.74
2.83
3.46
4.44
6.73
3.92
5.14
4.27
3.96
4.87
5.48
4.02
3.39
8.53
4.93
3.66
4.15
4.51
6.4
3.76
4.37
3.34
3.64
3.68
3.52
4.66
3.36
4.75
7.33
3
3.34
3.14
4.45
3.59
4.05
3.65
4.31
11.35
4.13
2.65
5.7
4.59
3.65
3.51
4.56
3.43
3.8
3.22
4.25
3.07
2.77
4.39
3.84
5.43
4.6
3.61
7.67
3
3.09
4.01
5.35
3.19
4.94
5.37
4.68
3.32
3.01
3.4
3.49
3.98
4.64
3.95
10.12
4.22
5.61
4.66
6.72
4.78
4.93
3.2
3.28
2.8
6.11
5.63
3.4
3.11
18.92
3.86
5.09
3.66
7.62
7.3
5.12
4.64
3.85
4.45
2.8
3.76
4.84
4.45
3.57
3.02
4.63
4.38
17.86
4.81
6.3
3.54
3.17
4.04
3.42
4.03
3.53
4.01
7.59
2.89
5.88
3.15
4.2
3.85
5.92
4.55
2.73
2.8
8.31
5.8
2.63
4.96
4.65
2.9
6.04
5.17
