20.62
19.04
20.48
11.41
25.44
7.2
9.65
38.71
14.39
15.78
19.94
33.12
15.89
33.85
27.34
9.03
18.14
20.03
15.33
26.67
9.35
13.14
29.33
135.21
21.43
10.8
12.75
10.81
13.69
11.71
19.65
11.43
13.97
14.08
13.79
6.37
14.32
22.08
21.45
9.54
17.13
25.02
8.01
20.53
27.24
12.56
9.68
479.42
39.65
35.43
32.62
28.85
10.47
22.96
13.65
12.43
17.37
32.88
17.49
10.03
16.12
11.75
20.64
21.88
20.49
11.03
30.9
20.49
17.14
41.57
10.66
16.87
12.89
10.76
20.12
6.61
22.03
20.92
35.66
15.88
12.54
11.79
27.75
23.69
23.52
11.21
11.82
10.35
10.54
12.61
10.67
20.93
39.1
10.23
19.42
14.57
13.92
20.69
12.22
8.73
11.47
12.65
11.47
19.34
30.99
32.81
11.58
17.64
20.22
17.07
12.88
17.39
10.72
7.62
18.86
13.33
10.74
11.63
12.14
128.24
18.57
14.71
20.69
16.42
13.13
19.8
13.99
11.36
8.38
30.22
9.97
13.63
16.43
12.87
12.34
26
15.73
13.28
11.72
21.7
12.88
16.71
23.91
32.06
30.69
45.27
10.94
8.87
10.86
7.02
16.15
23.37
32.13
8.34
14.9
10.5
11.69
24.35
16.4
16.15
49.09
10.12
31.51
14.21
12.57
13.84
45.37
31.89
15.07
16.95
40.63
13.31
12.37
10.32
10.3
25.47
45.89
11.18
10.15
7.65
20.13
9.63
33.19
7.75
11.71
28.52
14.2
23.75
36.54
11.11
13.15
24.85
20.24
12.09
10.44
28.13
16.42
11.35
16.56
18.49
19.46
12.61
30.54
16.44
10.15
13.07
31.75
23.21
35.61
8.53
25.58
20.41
10.47
11.61
8.89
14.96
11.59
31.58
37.04
12.95
16.21
17.45
27.22
25.4
13.41
10.2
15.91
22.79
12.42
10.88
11.64
11.2
27.18
12.72
21.15
16.23
13.4
14.04
37.88
15.99
11.56
9.87
28.5
12.47
14.67
8.08
11.31
10.96
14.38
14.58
8.13
14.46
12.06
23.36
10.87
14.84
25.28
16.79
11.73
26.3
9.39
18.49
19.03
11.89
17.97
18.66
10.85
18.39
22.03
59.68
16.13
12.05
13.29
22.01
14.9
15.02
60.75
12.05
11.46
21.71
8.74
21.63
29.03
14.08
28.59
53.65
10.63
14.24
49.25
9.82
10.95
27.14
23.8
36.67
8.03
25.38
11.17
11.19
31.57
16.6
51.76
12.85
20.34
12.01
31.86
21.72
16.04
14.09
12.49
33.65
8.67
22.07
25.05
7.58
24.36
21.33
12.95
10.75
21.33
32.8
16.29
15.91
9.51
15.62
6.97
16.52
12.91
9.92
23.51
18.18
12.94
8.18
19.29
15.24
13.8
11.82
10.96
9.09
9.06
28.77
22.68
15.37
15.55
20.27
11.58
15.23
11.8
22.51
22.76
15.99
12.43
15.62
14.79
10.69
21.03
43.3
14.78
21.12
22.17
15.43
13.61
12.82
18.72
21.41
10.08
23.92
14.58
12.59
14.02
8.46
21.01
16.26
33.2
25.74
25.91
19.64
33.04
41.38
18.23
15.17
9.77
19.52
9.22
10.34
16.62
17.86
7.84
14.03
50.67
13.08
28.14
18.02
39.79
8.75
21.9
19.13
10.65
54.85
13.01
11.94
37.84
27.32
21.78
30.63
17.72
16.59
10.04
13.64
28.51
9.45
20.31
23.36
26.47
13.81
22.74
33.16
12.76
16.74
15.77
13.64
16.27
10.41
13.52
21.97
20.61
12.62
21.31
14.18
8.12
10.65
14.19
16.94
24.91
14.09
12.55
7.1
47.43
21.28
11.38
30.14
19.66
17
10.48
17.48
11.32
34.03
22.25
7.79
20.01
16.74
7.95
8.8
10.29
17.91
12.25
12.63
15.01
16.21
10.21
14.79
47.54
12.41
69.17
18.71
10.97
21.33
73.69
16.49
16.19
25.82
27.96
19.97
11.61
12.03
29.28
12.06
13.48
18.01
13.97
34.4
14.45
20.59
13.67
11.78
25.39
16.13
24.2
15.16
13.88
36.68
12.64
8.43
13.62
20.39
13.3
20.69
9.74
29.44
14.07
7.23
10.85
17.28
19.62
10.65
23.61
35.91
11.14
13.3
32.54
37.77
9.04
13.82
11.48
14.61
16.05
17.78
28.75
9.62
20.71
14.05
13.96
14.12
10.8
10.26
21.43
20.22
11.14
26.24
27.04
12.81
9.29
49.93
12.98
14.4
11.59
19.61
17.3
12.91
12.78
10.15
14.38
9.5
12.57
13.5
25.68
12.02
10.99
16.59
32.54
17.13
8.43
13.27
42.81
10.42
19.15
20.99
11.39
130.63
19.57
11.53
33.58
9.59
14.8
21.11
10.54
18.54
33.69
15.08
14.88
13.04
34.95
16.23
39.35
18.06
36.14
34.31
11.99
15.43
15.3
13.96
9.2
16.46
11.92
9.65
21.89
20.54
61.9
17.33
10
13.51
15.23
16.25
25.93
10.04
16.71
12.26
16.65
19.55
17.39
12.53
17.41
26.64
13.06
37.92
13.81
12.83
22.51
61.15
12.18
35.82
30.09
45.37
10.04
18.8
10.97
9.5
19.14
16.19
8.54
13.85
25.82
8.49
18.54
20.06
38.02
9.16
11
13.87
18.87
17.24
58.27
8.11
23.8
9.24
32.27
19.14
15.64
6.19
12.57
16.12
117.17
17.46
19.92
10.18
24.05
59.65
82.49
17.34
12.63
20.53
41.4
12.23
10.22
21.48
15.32
8.9
11.48
12.78
18.91
14.98
26.19
18.05
10.18
14.67
14.21
12.76
12.7
22.82
14.92
9.83
9.23
13.45
15.08
7.91
11.18
13.47
11.84
17.72
7.17
17.27
18.63
11.51
8.35
36.53
139.18
12.59
12.3
10.5
26.64
12.99
7.83
17.14
28.46
13.27
22.05
25.26
17.64
25.09
16.69
11.52
31.32
11.75
14.41
7.85
21.74
10.69
21.66
16.08
34.99
19.14
17.6
18.77
28.34
24.32
27.67
35.56
11.25
12.62
10.68
12.01
14.04
22.91
11.42
16.91
13.99
11.6
17.09
16.43
10.32
13.46
15.95
25.88
9.28
9.48
15.17
16.82
10.9
23.77
26.4
13
18.46
12.7
44.77
16.68
11.35
29.15
13.68
19.61
41.73
15.49
9.17
9.39
17.01
9.93
22.64
13.64
7.89
16.96
12.87
18.09
13.04
11.14
13.9
17.29
17.8
11.21
11.01
11.12
16.33
10.3
10.26
6.79
13.89
20.17
16.09
26.06
10.77
7.46
8.43
11.14
23.31
9.27
10.32
12.34
13.91
13.74
12.09
22.18
19.56
10.97
12.4
9.41
9.5
21.72
12.02
32.43
20.44
10.54
29.43
14.77
9.33
17.56
8.78
12.42
7.95
18.31
56.11
23.94
15.98
27.15
14.06
12
11.02
14.22
16.06
12.56
11.95
15.29
12.42
13.54
15.46
27.05
8.57
24.67
9.36
48.45
34.41
16.27
7.62
84.12
29.15
16.9
29.87
43.13
20.8
7.31
20.01
20.27
11.68
15.3
17.15
10.87
16.57
10.83
13.73
15.75
33.33
12.84
41.5
14.33
31.8
20.11
24.02
10.63
18.46
18.23
8.32
8.17
20.77
42.1
11.87
11.66
28.52
17.94
24.02
16.37
16.83
18.16
24.85
12.7
17.88
16.43
10.18
16.26
23.42
11.3
9.99
16.12
10.03
14.38
13.36
9.68
33.85
12.33
7.79
13.42
15.54
12.95
9.8
11.81
24.93
11.96
44.62
12.02
49.58
388.32
11.68
25.88
10.36
16.44
16.54
22.21
9.2
27.95
12.73
13.15
28.53
31.24
6.13
27.33
19.46
16.11
18.97
11.74
6.66
11.17
15.08
9.27
20.02
20.72
20.91
7.89
11.09
13.38
12.43
41.12
28.11
10.56
23.65
11.68
10.67
16.97
8.33
45.94
14.84
11.25
38.67
15.65
10.42
23.56
11.93
24.23
24.05
19.16
13.24
14.9
21.45
15.64
94.92
7.57
22.14
16.71
74.64
25.3
30.31
26.93
13.4
14.01
13.21
8.61
46.96
16.43
14.68
17.88
39.75
15.79
11.98
13.26
41.78
15.95
19.99
16.53
13.42
11.65
15.07
20.63
28.38
56.89
33.89
17.23
19.84
48.52
8.46
11.71
18.68
23.22
19.19
10.39
11.3
38.87
20.76
10.94
106.82
10.34
9.95
13.17
9.46
11.52
29.47
10.4
