9.25
19.94
9.58
19.07
10.71
11.8
14.76
12.37
7.94
19.19
189.76
17.27
15.89
28.72
15.77
14.56
16.64
10.08
14.33
44.71
41.61
32.37
22.36
11.98
10.84
20.2
12.9
12.16
7.74
16.59
11.09
50.6
11.7
17.73
13.15
16.73
51.64
14.88
10.82
15.89
14.88
6.95
6.76
10.39
9.91
17.65
9.25
12.82
15.86
13.3
12.53
17.21
15.59
22.36
10.76
18.96
13.49
10.9
17.02
12.28
12.63
22.44
28.53
17.17
18.02
15.94
22.25
21.31
19.2
21.94
16.69
21.72
14.54
8.75
16.1
15.17
10.98
9.8
26.03
14.1
20.8
57.08
25.19
16.36
12.22
36.7
14.83
9.05
11.22
22.05
89.29
12.27
15.25
50.65
18.21
8.55
9.2
25.31
21.12
22.22
18.36
8.69
22.36
24.17
38.55
10.54
29.72
12.64
31.61
7.46
27.51
18.42
22.53
18.04
19.38
12.65
11.21
27.77
10.15
13.08
14.37
12.56
10.18
36.69
32.92
30.35
12.58
44.14
11.91
27.71
13.19
22.27
8.64
9.65
8.36
41.72
18.7
20.16
13.24
22.03
14.89
15.43
13.24
11.58
81.84
16.76
11.65
12.23
16.32
17.67
20.33
24.22
19.12
39.19
9.53
25.65
14.18
8.51
28.49
10.42
25.46
9.2
28.11
18.07
10.73
74.11
13.88
10.29
29.17
27.36
14.17
15.93
10.9
9.45
10.65
14.56
9.55
48.75
12.64
21.79
13.32
36.13
7.29
23.04
20.3
74.65
40.62
9.44
16.96
22.23
21.44
19.16
12.52
15.61
23.86
7.69
28.02
17.2
34.87
15.19
14.85
8.71
8.09
12.88
6.55
12.02
11.19
39.67
24.39
26.33
11.71
12.36
19.22
20.69
21.15
17.41
11.03
34.04
10.45
19.21
12.58
6.74
24.1
11.86
29.03
9.6
11.45
9.98
27.08
15.29
10.31
21.27
18.32
18.55
13.91
6.61
41.54
43.64
8.15
13.3
14.18
16.15
25.89
20.6
15.16
17.28
76.54
23.32
12.5
11.18
43.6
98.05
10.58
18.9
18.96
18.63
29.98
47.11
9.58
13.3
8.69
15.9
19.85
11.69
14.73
21.32
19.9
17.24
19.14
11.68
15.59
14.6
36.44
32.45
12.45
21.06
14.03
16.35
12.99
14.87
23.77
28.65
15.31
13.68
5.74
44.46
8.67
24.12
14.52
17.47
14.99
9.27
10.35
10.2
15.24
29.86
39.29
8.17
13.21
18.21
7.83
18.43
21.36
9.61
10.76
12.02
8.9
8.29
12.89
23.28
19.95
15.45
130.59
12.48
14.01
18.56
14.82
15.79
23.58
16.48
9.45
15.44
14.57
32.72
30.63
22.82
11.77
19.17
27.2
12.31
13.14
34.07
20.99
8.21
15.22
5.6
18.58
24.61
11.42
12.2
14.59
8
12.32
16.3
25.63
33.37
12.9
13.96
18.68
15.58
16.44
22.22
28.31
8.48
15.35
11.91
15.72
36.95
14.94
29.57
59.52
23.11
15.72
22.76
12.49
18.61
14.82
39.33
15.81
9.19
18.65
40.98
12.22
13.12
16.83
16.26
12.9
13.62
13
9.88
11.81
15.65
11.55
9.15
28.58
16.65
29.2
13.83
9.65
15.35
24.89
22.66
23.59
8.8
14.78
16.58
10.3
15.51
12.28
24.38
12.51
10.38
11.93
24.13
19.97
8.79
52.08
66.09
20.31
11.39
6.13
20.92
14.82
10.69
13.15
9.26
16.8
7.14
6.1
10.98
19.97
77.65
10.46
16.7
9.54
9.97
16.06
41.98
24.5
15.34
15.12
13.89
61.26
18.56
16.85
14.27
10.25
18.25
9.72
20.37
22.18
7.76
17.98
20.29
22.42
16.83
18.33
16.48
19.7
10.75
21.93
21.09
19.05
13.58
14.12
10.8
9.89
16.35
19.13
10.24
13.33
24.09
15.47
18.23
8.81
12.65
15.44
8.68
13.38
10.97
35.22
13.48
17.75
9.95
19.86
9.32
13.51
24.13
13.61
14.66
9.19
11.01
35.74
8.6
24.55
15.23
20.49
15.06
30.84
10.58
11.45
14.67
36.81
75.16
13.07
31.49
21.07
10.72
9.08
8.12
16.39
12.92
66.31
23.49
9.19
5.67
26.07
12.18
13.63
10.92
18.06
26.84
8.4
8.49
14.14
20.72
14.86
20.1
18.15
15.49
12.32
55.38
16.09
40.35
16.51
10.33
20.09
13.74
14.74
35.26
26.8
17.9
15.86
11.05
14.74
24.47
35.02
15.48
23.07
9.44
38.01
14.85
14.59
8.93
42.31
34.03
13.93
8.13
14.98
7.24
9.42
9.98
15.73
15.81
16.12
39.63
12.93
33.18
15.32
13.39
12.8
33.68
18.77
30.53
7.61
9.76
41.1
29.86
12.39
25.9
9.97
9.39
25.69
16.97
25.56
17.39
11.21
9.18
13.07
15.53
17.85
7.22
34.69
10.61
12.86
12.52
49.79
15.97
11.79
11.55
12.4
18.79
14.66
41.67
15.16
10.98
22.63
10.5
15.49
12.14
43.63
11.94
12.7
5.63
8.57
18.59
41.51
10.07
15.83
11.14
40.9
15.97
60.49
10.98
10.76
12.12
18.59
11.41
14.61
13.9
9.56
8.12
24.04
17.73
40.57
10.13
18.43
16.83
16.38
10.27
30.96
14.81
22.74
28.58
7.59
18.36
14.32
18.77
5.67
19
14.33
23.12
13.94
29.32
7.34
17.24
26.41
27.46
16.79
14.31
11.96
13.03
45.93
17.34
16.27
10.54
17.71
24.8
17.55
27.38
19.56
15.92
13.66
15.52
36.27
13.72
27.35
16.58
41.31
12.63
25.04
11.03
13.52
10.07
9.66
24.94
17.67
9.08
12.67
17.07
23.03
11.47
17.83
10.53
7.97
23.16
6.92
14.23
9.67
13.72
11.85
8.61
9.68
61.62
16.44
13.79
47.73
29.95
29.29
18.82
26.39
11.14
11.42
22.06
12.5
22.73
18.53
9.21
13.56
16.08
10.13
29.27
41.4
80.07
25.36
60.13
20.83
9.31
21.37
10.45
14.98
12.04
14.61
21.9
8.44
38.42
15.08
15.11
17.04
25.01
14.6
12.45
22.48
13.74
52.61
18.66
22.99
25.63
6.69
17.02
15.42
13.09
15.15
10.96
15.74
11.74
5.22
15.04
23.43
10.18
8.15
9.48
26.82
10.14
20.51
15.82
15.89
18.22
13.72
11.45
23.59
25.92
15.04
11.29
19.49
19.71
14.44
25.65
21.05
12.8
31.05
34.85
26.87
13.48
15.77
15.41
20.47
22.7
12.98
28.32
8.87
55.75
8.4
22.82
11.95
23.11
21.74
185.82
11.63
24.5
27.79
29.57
28.35
15.99
27.69
12.4
9.49
6.84
11.69
26.76
15.19
7.48
10.32
22.6
43.3
18.29
9.18
48.12
17.61
22.19
10.7
18.77
12.73
27.16
28.77
24.47
15.34
25.62
12.89
13.57
8.6
20.31
18.86
35.35
8.32
18.26
11.01
18.12
18.56
24.07
27.45
20.27
11.19
17.42
11.93
14.35
22.15
16.47
14.28
11.96
25.13
45.34
37.9
19.13
20.54
19.42
15.03
14.29
35.22
11.2
11.54
14.9
30.72
12.12
19.87
20.67
34.85
9.93
14.48
16.24
34.68
18.27
48.2
28.64
32.1
10.5
16.88
17.09
14.03
8.12
11.32
14.38
15.45
16.65
14.09
35.19
16.61
29.47
13.04
27.94
17.02
18.44
7.51
15.4
12.8
22.92
7.71
22.44
18.94
19.67
11.28
14.96
12.34
26.31
10.71
284.77
16.48
24.56
19.43
8.48
13.46
14.29
13.95
28.72
9.37
14.71
10.12
6.94
19.11
11.63
59.06
5.89
20.18
9.13
12.05
9.83
9.18
12.59
18.63
17.34
18.55
35.33
22.8
16.88
13.85
11.12
32.22
12.56
15.69
29.66
16.15
13.53
23.71
26.31
331.26
11.67
11.44
21.76
16.25
13.5
13.98
30.41
19.67
48.8
11.38
11.38
13.88
53.34
10.1
20.87
16.09
32.58
32.69
12.71
17.62
25.61
12.22
23.92
8.11
11.08
27.02
20.89
12.03
12.48
18.2
34.41
27.85
9.58
19.54
16.49
13.41
15.21
30.14
11.9
9.55
13.48
17.5
15.71
18.94
33.01
7.64
17.19
20.49
10.22
10.91
12.57
18.13
15.79
45.96
15.3
10.84
41.66
21.04
15.42
13.02
15.4
35.44
21.01
8.48
10.44
