193.03
19.65
14.13
10.36
17.25
9.94
15.09
25.31
10.53
15.95
34.75
10.6
15.52
21.83
20.43
16.79
28.46
25.61
10.72
57.82
8.33
10.07
13.87
8.9
17.33
86.41
10.43
15.54
27.62
10.08
10.12
28.33
30.14
36.55
22.67
63.65
8.55
50.02
26.8
17.48
9.68
14.68
6.17
8.18
24.47
10.55
23.67
18.85
10.04
16.96
9.62
22.28
19.23
11.7
10.71
28.33
286.75
15.78
11.14
9.88
16.71
10.89
10.49
19.29
15.83
76.41
20.17
26.53
16.94
16.61
16.71
16.17
10.33
31.63
9.55
13.81
14.95
10.74
10.73
8.38
42.3
12.25
29.5
9.11
8.93
15.2
12.19
11.78
13.33
9.67
17.23
22.57
17.17
32.42
15.94
14.2
18.64
17.44
8.18
12.76
24.17
13.16
20.2
60.88
20.35
24.88
15.93
19.14
22.19
7.84
6.75
22.27
268.38
13.34
11.99
17.23
26.07
16.78
66.34
11.74
21.05
24.27
8.83
17.34
13.21
73.34
16.99
15.34
15.82
8.48
11
18.73
18.46
11.64
56.43
12.84
12.52
21.27
15.23
11.86
12.31
18.61
10.42
7.76
23.91
11.13
20.15
16.72
21.19
14.32
10.97
10.1
24.61
18.56
9.56
76.43
19.95
14.05
19.74
16.93
18.97
32.78
30.9
85.79
15.42
16.42
18.55
15.38
11.39
20.01
14.91
23.61
10.08
19.43
17.79
20.26
13.56
13.31
9.85
10.2
14.91
9.7
11.91
11.97
14.53
7.79
22.39
28.14
15.38
11.91
57.73
10.69
13.78
10.19
9.63
11.69
31.78
13.22
10.09
5.48
42.85
15.16
11.09
20.83
26.55
20.37
35.84
7.29
12.15
29.11
13.96
9.42
8.14
13.23
29.5
28.15
10.3
48.27
54.71
11.62
14.72
36.13
9.1
16.56
7.53
12.26
11.86
13.78
8.69
12.91
67.63
12.68
7.73
7.01
9.14
13.76
11.39
18.35
15.06
14.05
14.54
17.35
14.17
13.04
13.45
13.52
13.81
11.29
17.44
13.7
44.88
8.96
15.64
16.32
15.77
17.81
12.65
26.29
10.87
31.46
11.75
40.42
11.81
15.02
11.58
8.77
15.06
19.87
18.04
12.55
16.93
31.07
13.7
16.16
36.24
8.75
22.6
14.92
9.99
13.76
11.48
25.74
16.13
27.91
17.31
17.75
43.05
17.4
19.71
96.87
14.58
7.42
22.18
9.86
67.53
13.94
7.01
14.33
8.15
11.78
15.56
12.41
19.38
10.89
9.07
16.18
41.85
25.57
8.87
15.57
15.19
13.48
9.5
28.45
16.89
24.6
24.36
48.44
15.37
17.28
9.67
12.86
24.64
12.33
27.14
10.24
180.4
21.93
72.88
8.68
10.62
52.32
12.58
8.01
11.58
17.88
17.83
16.22
17.49
15.33
18.73
22.56
17.97
8.84
9.34
14.58
7.48
15.84
13.8
13.41
43.23
11.37
9.39
16.85
17.12
8.6
11.64
7.38
11.08
17.22
12.11
14.5
16.58
16.06
22.01
11.14
8.81
13.83
15.48
15.28
58.62
13.12
13.17
32.16
14.84
10.55
13.26
23.56
10.36
11.45
19.99
17.5
15.92
14.45
33.66
10.08
52.61
23.15
12.44
15.58
23.01
13.61
37.71
20.16
15.32
17.47
13.68
18.45
11.7
23.98
11.53
112.26
22.29
26.55
11.34
54.18
8.13
19.75
13.25
38
11.13
24.33
15.1
11.24
30.76
13.33
35.05
15.74
34.44
9.44
7.16
89.03
18.03
9.06
19.34
22.19
11.83
16.32
9.3
66.58
8.12
15.55
12.23
25.19
41.73
11.9
20.35
13.41
25.96
20.77
183.96
26.21
30.44
22.94
18.43
10.81
12.05
25.77
18.13
14.4
15.52
9.52
19.96
17.34
18.45
18.42
13.93
20.7
12.55
9.43
34.16
18.64
14.01
17.59
21.46
8.7
12.48
11.14
14.23
13.39
10.91
11.32
38.48
13.17
12.53
13.94
11.26
16.86
6.84
19.59
20.27
15.44
20.43
23.61
8.57
12.13
14.34
15.27
7.66
16.12
17.5
10.37
27.15
18.54
16.96
42.12
8.01
9.34
11.47
20.62
9.85
13.2
36.12
16.33
31.31
9.37
11.19
7.65
10.81
15.58
16.92
9.67
17.85
12.78
8.46
13.84
42.93
96.94
21.63
8.58
10.96
15.84
12.22
32.21
14.9
37.68
137.98
9.69
22.35
16.08
25.26
10.88
34.85
16.55
12.4
29.42
14.69
34.46
19.06
11.54
13.55
22.53
11.66
21.06
16.94
18.3
17.09
12.2
64.69
17
12
19.83
131.34
19.52
18.62
16.09
9.92
22.79
15.7
7.86
14.55
53.22
9.84
6.52
14.06
12.28
11.13
26.68
14.56
15.15
15.06
10.23
10.03
8.99
23.82
25.99
17.34
14.14
34.87
17
13.04
23.8
20.01
8.42
13.95
15.47
19.42
9.79
9.42
23.96
13.44
20.04
38.3
13.78
12.86
13.41
11.94
24.52
11.4
7.46
9.7
8.17
18.18
14.46
12.12
16.2
10.87
21.1
16.51
13.64
11.37
9.21
12.6
33.54
25.43
8.16
14.24
11.78
14.59
15.56
16.7
11.26
16.52
15.04
13.76
16.72
14.77
39.04
34.13
8.47
27.46
14.59
14.71
10.1
37.76
15.45
13.88
41.37
27.76
6.64
20.24
10.16
19.06
6.15
10.92
21.09
31.28
11.73
17.16
15.1
22.54
21.74
9.48
17.31
10.64
14.79
9.72
22.32
14.23
11.23
9.08
18.35
16.19
18.78
12.43
11.22
10.79
26.61
13.49
9.16
37.87
9.59
18.49
9.78
17.95
10.05
12.53
13.52
25.62
19.82
8.03
17.12
17.56
21.97
25.53
16.6
18.8
17.52
8.09
17.2
6.57
10.09
19.83
52.94
7.4
11.05
51.48
25.45
69.12
17.88
9.11
13.4
15.41
12.56
11.56
11.72
9.84
8.87
13.16
6.96
10.98
18.23
23.17
16.24
14.66
7.88
12.35
36.26
31.37
13.05
29.69
13.75
11.4
27.57
16.9
10.54
9.61
8.27
21.1
36.84
11.4
19.77
15.99
26.28
11.24
24.57
9.54
20.71
21.37
26.48
21.62
18.3
17.08
10.2
19.79
6.68
21.92
14.23
25.66
20.48
11.5
17.71
16.77
11.41
15.02
12.37
15.43
21.91
24.85
16.51
27.79
16.99
18.22
15.86
16.36
7.94
18.46
16.17
15.24
9.66
6.6
35.99
11.22
32.87
70.49
38.08
26.79
14.62
13
7.74
19.07
15.39
54.98
21.58
27.4
11.66
15.09
15.91
12.87
10.51
15.39
39.61
13.42
22.39
14.66
27.06
27.36
12.29
12.56
27.95
17.36
20.02
17.29
15.69
23.59
18.32
21.92
22.14
13.02
18.58
20.86
19.42
14.94
9.1
9.64
11.81
59.71
15.39
44.21
7.84
21.54
12.42
22.96
54.52
27.06
10.8
45.02
7.45
8.13
18.81
13.71
12.97
6.29
65.41
18.22
9.36
19.36
14.72
13.42
22.11
9.1
20.29
9.13
17.09
17.58
11.89
36.31
25.37
11.51
17.89
15.05
13.47
11.71
13.48
13.08
6.22
23.51
12.36
18.51
6.5
6.87
11.75
23.4
8.33
19.37
11.49
14.3
19.47
39.58
8.43
12.49
19.37
13.09
17.81
19.15
26.87
9.95
12.04
13.7
19.3
10.9
6.03
19.08
16.77
13.18
16.16
13.28
5.38
13.98
15.03
8.75
15.3
45.26
33.89
11.32
10.77
50.77
8.23
26.35
55.58
9.9
13.26
8.94
14.48
15.94
18.19
15.69
15.89
30.81
8.97
29.06
11.12
6.56
25.36
9.47
12.2
8.2
19.62
8.47
20.05
11.19
30.35
8.13
21.6
24.69
19.24
23.03
16.03
27
10.41
75.81
29.67
9.15
20.37
11.23
11.61
12.91
11.42
17.63
23.21
7.91
10.88
9.56
19.83
13.81
17.39
11.79
8.63
23.75
8.48
19.27
11.6
27.33
23.6
18.52
43.47
28.19
9.03
70.26
16.52
13.37
13.79
21.21
17.83
24.66
14.31
41.74
19.14
24.47
28.75
10.46
12.56
12.48
7.59
11.82
14.25
34.04
16.19
14.64
10.53
14.21
8.29
12.93
18.83
14.41
22.43
23.78
13.05
18.13
10.08
19.6
11.74
26.38
17.15
16.18
14.36
35.35
29.46
27.88
11.76
