13.39
49.577
18.894
14.813
22.377
29.572
14.387
14.631
21.909
19.162
17.187
24.064
14.289
15.147
21.731
22.668
14.157
15.562
8.992
15.663
12.373
20.748
13.656
18.893
19.837
36.265
23.442
20.817
16.994
29.19
17.469
12.911
11.431
19.348
15.816
17.973
25.125
22.06
34.827
16.869
20.008
14.148
22.798
34.445
15.646
18.875
22.17
14.922
19.934
25.528
30.434
32.098
24.999
29.659
18.437
15.762
15.465
18.363
24.307
13.522
14.587
15.212
19.438
23.032
26.054
25.367
26.36
132.79
17.591
20.475
13.435
12.775
14.285
38.155
20.329
19.308
15.565
15.88
14.192
22.244
17.15
29.739
22.583
11.621
15.57
20.882
26.176
15.911
17.669
23.131
12.315
15.597
20.463
34.757
20.377
22.87
21.288
11.847
19.676
18.504
12.747
16.695
11.107
22.301
20.683
15.374
22.716
15.618
15.034
18.193
13.075
14.259
35.356
26.827
11.395
19.327
26.54
22.594
20.299
13.797
16.727
17.935
22.437
27.72
19.859
18.766
25.73
42.5
19.235
12.819
18.559
14.33
12.773
36.374
15.652
14.766
20.078
11.805
18.754
23.469
17.832
14.837
15.423
21.126
14.109
26.735
16.508
13
15.802
12.122
10.789
21.305
18.071
15.925
20.722
12.678
18.123
13.544
13.2
17.494
16.587
16.127
13.447
29.067
73.261
11.212
15.962
20.188
15.826
21.817
22.979
21.37
38.265
18.517
10.509
16.536
17.006
16.59
13.451
39.011
22.025
21.711
18.227
25.143
19.806
23.104
16.906
22.667
18.833
12.974
18.79
17.692
24.098
16.531
14.846
14.041
15.611
19.92
22.732
13.403
18.082
20.99
13.432
23.48
14.105
11.124
15.272
16.517
29.376
23.197
18.987
17.374
37.053
39.723
24.448
19.538
9.928
36.865
22.68
16.721
11.862
17.877
13.654
16.856
11.823
22.447
12.065
14.598
23.533
8.813
13.462
12.598
13.239
13.629
22.09
31.212
26.876
10.738
16.149
28.737
22.781
15.061
16.138
58.883
15.272
21.546
14.033
18.555
14.589
26.839
15.417
20.705
95.378
11.614
15.727
12.269
14.296
17.139
13.789
25.526
17.307
16.147
19.524
26.702
19.504
9.73
17.971
19.821
26.385
11.66
14.078
22.415
10.936
21.129
27.87
18.16
19.155
16.802
24.033
24.749
35.156
15.904
11.152
12.061
24.217
15.843
22.082
25.689
13.496
43.674
13.431
30.513
46.613
14.946
36.13
19.917
15.652
20.681
11.9
13.81
10.327
7.07
40.329
21.424
13.304
13.588
19.707
16.116
13.943
48.627
17.051
15.072
18.985
9.152
14.493
19.843
24.187
25.058
19.546
17.211
23.921
21.178
15.619
17.693
19.376
14.233
24.286
11.796
24.992
17.042
17.244
24.492
12.227
12.451
11.138
20.521
10.047
23.605
11.462
11.04
18.483
18.042
21.328
23.067
10.881
14.208
18.763
11.208
13.273
55.6
23.071
12.855
23.959
15.246
33.784
21.343
15.304
13.599
25.189
12.723
10.486
19.298
29.982
26.043
38.569
19.36
35.833
17.675
21.805
20.926
15.65
25.216
13.642
22.882
25.635
20.201
25.225
9.996
21.43
18.019
14.286
18.283
17.294
22.219
39.251
14.219
16.59
14.639
16.359
14.413
22.582
32.276
11.577
12.452
23.605
11.928
17.187
16.963
13.224
58.122
20.055
15.079
135.509
15.48
17.032
31.08
14.977
18.053
21.539
13.981
19.696
39.801
12.034
19.985
18.846
21.132
27.723
20.786
16.981
11.106
14.449
15.518
17.924
40.691
18.537
18.605
13.702
18.053
20.469
20.569
19.353
31.638
13.158
14.56
14.935
13.736
27.915
27.165
14.5
18.997
18.894
33.718
15.19
13.687
10.704
13.966
18.811
15.714
21.755
24.433
43.673
15.892
10.769
14.902
14.438
17.742
17.853
26.756
16.959
17.903
17.024
15.468
41.029
12.538
16.461
15.583
13.698
40.843
18.608
16.329
78.838
17.308
11.842
37.246
25.871
20.596
17.915
15.299
21.17
19.352
25.075
19.236
45.232
15.286
43.672
15.134
16.741
15.436
16.803
11.621
13.637
15.641
12.651
17.332
17.016
11.219
10.474
11.612
22.526
18.137
20.207
14.563
17.115
11.969
11.813
11.748
18.365
14.929
28.243
14.365
17.031
24.827
25.904
37.763
21.594
20.804
22.395
13.441
17.463
19.769
23.111
52.989
28.655
15.744
24.227
39.66
15.487
19.705
14.361
12.504
14.477
35.079
14.891
20.981
13.632
20.33
19.523
13.661
13.964
23.476
31.542
37.36
32.534
11.186
15.386
25.718
62.698
19.802
20.806
22.297
43.67
26.975
18.269
12.132
19.895
23.431
11.365
31.463
16.493
12.218
16.958
23.444
14.258
13.374
13.668
11.183
15.555
17.698
21.14
20.169
21.574
15.575
11.882
17.161
16.017
17.38
35.383
13.663
24.267
18.245
23.416
13.209
22.931
18.853
18.232
22.716
17.471
15.31
19.212
17.103
18.266
10.579
15.558
18.273
15.299
20.486
27.297
15.439
18.141
20.419
26.595
13.781
17.003
24.762
33.129
11.244
21.533
18.014
14.091
27.871
19.509
11.541
17.133
21.402
15.67
16.457
13.205
13.638
24.633
18.114
12.359
16.764
22.666
16.374
17.942
27.929
19.962
18.978
15.311
12.498
13.594
12.233
11.415
11.305
16.664
33.704
24.394
19.931
13.738
27.688
19.984
26.861
17.13
10.289
41.011
15.611
17.896
18.52
11.837
20.466
17.875
17.312
12.87
11.667
15.155
26.347
14.503
19.422
15.442
12.076
20.372
33.791
13.948
19.893
16.137
16.025
31.362
15.851
12.983
27.969
18.573
17.803
17.086
27.074
17.2
44.53
17.94
17.755
33.838
14.414
14.819
21.952
21.249
19.755
17.585
16.62
28.875
19.535
18.184
15.699
10.722
16.658
14.987
14.168
12.269
25.701
15.317
10.91
15.411
8.814
14.547
14.746
15.818
16.948
11.101
51.709
23.19
19.59
21.485
19.302
14.057
19.771
13.933
26.69
18.854
10.502
14.146
35.134
13.781
16.966
17.455
24.579
11.623
23.83
12.715
21.719
24.711
15.831
13.83
13.216
16.884
22.06
20.755
14.803
16.462
10.365
21.082
16.808
22.447
14.854
39.613
25.596
24.923
17.879
18.803
16.673
19.208
17.227
21.442
12.49
13.352
11.704
12.864
14.6
21.516
13.339
11.67
12.288
18.332
15.927
17.759
16.927
33.173
14.842
14.013
28.078
16.541
67.213
13.416
33.465
18.643
24.639
14.32
14.927
17.786
14.749
22.183
20.978
12.427
12.579
21.289
23.79
22.034
36.825
14.33
22.603
13.286
14.464
17.408
14.341
19.866
22.741
24.413
10.131
21.166
26.494
18.914
11.252
22.296
19.136
12.024
24.427
37.934
26.649
24.343
17.647
18.759
16.932
18.699
22.385
15.182
9.622
14.633
32.481
26.522
16.725
17.829
20.044
20.038
55.585
16.996
15.616
20.862
17.436
16.96
12.688
15.04
16.579
18.239
11.61
12.937
19.421
16.421
12.828
17.07
22.252
25.202
19.891
16.927
13.433
18.225
17.79
39.92
15.364
12.468
34.753
24.688
11.529
19.87
16.034
14.589
23.231
15.315
15.229
16.955
11.428
19.765
14.383
15.505
20.431
25.422
19.816
15.782
37.666
22.679
23.31
19.962
16.403
10.243
18.55
24.712
16.785
16.093
13.403
16.032
14.198
15.224
12.906
18.696
32.16
22.27
16.343
20.939
11.684
17.639
15.24
17.548
10.34
22.209
28.764
11.544
20.352
12.47
20.534
16.68
13.781
14.934
16.522
25.387
18.928
22.041
20.644
19.418
38.387
16.16
21.17
25.251
16.05
13.568
29.742
16.826
16.44
12.889
19.168
15.212
18.266
17.122
19.692
14.493
12.061
18.675
27.811
18.932
13.285
18.568
9.101
20.725
49.675
17.819
19.902
13.924
9.848
18.956
18.246
17.194
21.026
11.33
17.759
9.89
15.988
20.862
17.028
34.397
25.349
15.258
13.123
30.522
12.259
21.976
19.396
18.774
15.421
29.728
23.357
12.623
14.068
17.221
27.303
15.866
17.058
21.03
28.731
18.96
19.57
20.616
18.684
13.412
13.987
9.068
16.224
14.311
23.6
15.729
41.854
19.82
31.266
18.229
21.74
86.667
9.679
64.098
19.119
12.68
15.997
17.479
19
18.86
20.365
18.558
19.572
38.374
39.075
15.198
16.823
22.033
21.593
20.05
16.111
20.784
18.228
