14.676
17.821
22.28
10.961
15.247
14.116
29.012
49.594
14.326
14.696
12.176
16.227
22.35
10.726
10.862
26.404
17.615
12.656
11.441
16.431
31.824
21.419
18.042
81.964
34.711
12.365
14.099
20.949
35.038
16.168
13.022
19.213
19.871
11.141
35.557
13.842
14.232
18.976
13.709
32.254
24.613
22.896
17.546
17.117
13.256
12.954
18.92
15.426
24.883
24.481
16.56
20.676
33.001
19.231
15.596
16.997
29.093
21.11
15.938
19.296
14.97
18.086
20.221
27.286
24.056
17.423
19.897
14.553
20.288
13.659
22.402
16.652
11.119
13.142
26.611
17.665
15.138
14.52
23.011
15.157
14.968
18.225
26.889
14.708
30.608
30.05
14.971
24.255
12.603
19.263
26.564
15.5
16.772
13.154
11.297
12.957
21.146
26.252
15.524
30.568
13.245
18.701
11.923
18.823
27.288
17.245
19.176
27.275
24.35
20.612
22.348
30.797
18.753
13.335
17.4
10.587
14.269
18.282
12.057
21.859
15.633
15.837
21.196
13.202
10.875
16.265
18.614
17.924
15.4
13.595
28.729
29.935
21.544
15.311
16.304
34.665
18.748
16.068
20.63
14.49
23.802
29.893
23.497
15.456
16.989
14.804
17.65
12.197
18.062
26.827
17.867
13.99
17.209
16.319
10.489
11.749
53.63
22.42
14.884
17.731
33.656
10.762
17.031
33.811
16.235
15.382
23.038
15.293
15.778
16.006
12.034
31.839
17.154
16.312
14.752
11.639
31.366
15.047
16.561
24.592
15.669
16.907
11.328
12.507
33.931
19.167
14.559
10.41
18.648
18.518
12.615
18.2
10.964
26.518
17.693
25.878
18.427
20.623
24.097
14.889
24.538
15.762
13.804
14.071
15.283
20.351
32.416
13.32
19.993
17.177
20.678
19.818
26.878
13.265
35.828
22.335
15.772
18.406
14.731
14.977
24.052
15.213
16.764
52.589
20.846
17.809
10.21
12.684
25.8
12.082
13.387
13.51
15.011
15.099
14.263
19.321
28.183
17.99
13.128
11.178
11.437
21.47
26.248
14.746
17.405
17.256
11.822
54.181
16.965
24.289
17.597
13.627
15.161
22.215
28.232
22.831
16.194
12.857
13.288
21.805
21.883
16.188
12.089
27.029
17.004
28.741
41.56
32.111
23.251
13.842
20.882
10.36
19.939
13.307
25.036
47.308
15.877
87.134
22.776
23.226
13.391
42.939
15.524
21.102
12.712
18.128
27.542
11.152
16.156
17.67
11.646
20.215
22.013
76.469
11.861
11.99
28.207
12.214
62.369
12.011
21.223
15.611
23.776
10.748
12.343
16.769
30.874
15.837
16.188
17.463
14.356
17.004
13.328
22.231
29.206
15.295
25.994
37.531
26.194
9.76
38.713
16.567
25.231
19.491
30.457
20.99
17.534
32.718
21.96
13.969
13.859
20.281
40.187
23.583
25.762
20.926
33.374
10.962
13.308
15.058
23.151
14.26
15.739
17.183
27.012
16.014
15.615
14.203
18.969
18.095
25.363
24.789
13.067
28.847
14.378
16.328
31.39
22.463
15.99
17.559
14.445
16.07
20.866
17.008
14.209
18.521
33.966
15.207
21.018
27.487
16.745
12.718
23.051
22.597
13.965
122.938
30.801
28.168
15.776
12.672
32.983
16.793
20.034
24.149
19.556
23.33
17.967
12.146
42.716
21.684
15.845
16.238
25.668
25.211
15.041
26.038
13.5
22.056
40.184
14.228
19.616
25.246
16.194
53.523
27.208
17.37
20.925
16.078
21.894
17.518
13.215
21.242
14.251
24.65
50.069
18.129
15.568
14.558
14.243
21.796
9.973
19.082
12.388
16.713
18.656
16.028
24.697
17.589
14.083
16.455
13.217
17.244
14.326
25.982
31.851
31.29
13.38
12.375
11.804
15.363
17.782
19.483
13.769
20.225
21.463
15.962
22.998
18.844
12.615
17.625
19.378
26.816
16.422
15.819
14.207
22.612
23.704
16.47
12.969
18.989
16.55
23.546
21.525
12.388
22.444
16.591
20.879
16.988
19.268
19.933
38.696
14.844
20.218
24.572
17.044
11.856
16.361
17.807
63.169
20.823
20.881
19.65
19.959
25.864
27.409
19.866
12.057
22.212
24.122
14.272
17.769
9.995
18.607
23.543
12.016
15.801
13.834
24.821
12.616
21.906
33.645
23.659
25.642
18.698
21.934
57.961
22.477
20.464
15.906
15.457
20.754
13.55
11.781
28.632
42.248
21.989
11.67
18.485
17.709
12.039
15.198
14.987
24.101
15.23
15.354
14.158
11.578
26.502
17.978
17.372
20.38
34.529
69.022
15.652
15.169
14.546
21.912
34.071
19.287
11.835
23.904
22.156
26.538
17.129
17.628
21.607
18.344
32.382
14.993
12.865
13.835
15.355
14.2
13.026
14.181
11.487
10.999
13.986
16.785
19.719
21.794
15.055
14.087
16.769
13.35
11.699
21.927
17.192
26.671
16.382
21.725
31.834
17.037
27.457
19.82
15.141
12.114
41.123
41.966
10.172
11.117
13.86
23.559
18.575
13.436
15.143
13.565
14.609
22.57
20.541
14.552
23.265
18.809
27.941
13.2
22.414
20.547
18.702
15.374
15.255
16.233
14.397
25.669
13.747
17.542
13.903
18.907
14.043
26.119
12.91
15.279
15.944
23.657
24.376
33.835
17.29
17.312
12.612
30.741
22.063
36.431
16.423
42.161
18.768
19.745
19.93
17.755
28.104
9.138
41.882
11.029
16.381
12.625
15.307
22.779
15.655
15.382
28.247
27.813
17.922
18.54
20.384
18.027
12.42
12.041
14.152
18.494
20.874
16.374
18.87
33.082
10.858
16.717
15.162
10.328
17.251
18.508
24.288
15.54
21.229
22.792
18.386
33.301
16.334
21.649
10.548
11.929
13.971
18.462
12.3
15.415
15.967
33.118
16.637
16.894
20.37
18.181
17.454
26.277
18.611
33.388
15.871
15.843
21.038
13.528
24.581
18.111
41.155
16.5
12.722
22.628
14.201
18.915
14.067
13.173
16.824
17.638
15.374
20.09
53.464
16.688
15.933
12.271
24.062
15.546
16.025
18.136
12.923
13.991
12.298
14.951
12.912
18.115
18.729
13.79
14.403
23.94
17.453
18.915
11.931
30.959
43.067
17.561
19.123
14.921
13.88
14.471
20.89
9.254
18.401
21.021
30.683
34.372
16.173
23.694
13.328
11.133
17.591
16.938
18.125
30.099
42.888
15.691
38.752
18.676
25.452
16.066
18.855
20.955
22.044
13.229
22.124
21.178
11.441
20.409
11.313
21.705
18.278
56.079
16.652
24.061
19.209
22.895
19.735
19.833
18.266
18.22
24.311
19.375
18.532
11.128
15.76
17.295
13.877
26.781
15.171
13.737
18.242
17.692
16.201
26.896
11.56
20.945
12.204
26.225
16.069
41.02
17.527
8.24
17.524
16.118
13.15
16.346
18.533
13.246
11.611
12.595
14.521
29.627
12.082
20.204
18.801
16.773
13.582
19.265
22.099
30.199
21.41
19.678
10.006
17.202
32.996
13.69
18.842
29.469
10.392
40.254
15.021
16.812
23.696
22.153
13.549
12.96
22.14
11.319
18.61
14.257
12.494
25.674
23.409
46.61
24.397
13.989
22.049
21.964
12.501
15.895
18.555
16.649
18.34
13.19
12.972
12.008
20.646
22.246
14.956
11.372
23.904
14.553
17.215
11.158
21.906
23.17
16.558
17.878
15.534
31.006
26.59
28.474
16.648
47.012
23.145
20.351
15.301
19.96
14.899
17.858
38.004
13.914
22.185
16.042
15.832
18.239
13.881
23.852
24.212
14.613
15.453
15.827
15.863
16.286
21.198
9.405
19.769
16.158
17.97
26.201
19.569
22.033
21.046
18.007
10.34
25.298
19.118
17.485
16.648
72.769
18.85
15.601
14.504
21.658
54.28
15.486
62.984
12.453
18.822
14.154
14.774
11.047
20.155
11.133
16.29
15.145
14.052
13.462
20.777
14.412
25.14
24.581
14.513
15.926
14.821
23.207
25.545
36.531
16.65
16.974
9.378
35.898
24.994
18.065
15.816
17.676
12.009
11.513
27.095
19.069
16.168
22.291
34.261
21.371
17.671
18.315
9.717
16.619
12.432
17.494
40.726
24.925
51.537
16.774
13.344
25.979
15.825
15.986
15.213
22.966
11.562
19.816
35.127
18.54
23.265
16.013
17.383
26.104
17.079
15.798
13.899
33.523
12.457
21.14
19.565
21.301
14.872
13.638
16.565
19.766
11.317
16.99
14.794
25.754
14.162
16.946
18.357
34.04
16.896
32.33
19.596
20.7
19.541
15.009
12.241
21.603
17.868
13.094
9.824
27.739
20.234
12.466
14.523
