375.7
320.34
953.52
623.03
7540.88
646.69
188.13
642.47
454.38
385.37
822.4
578.75
269.52
3715.49
886.1
1269.94
705.79
176.24
781.84
1339.54
416.02
862.46
169.2
139.7
171.41
324.7
1677.7
641.97
718.79
313.01
297.64
1007.07
642.92
316.39
32278.8
956.27
202.42
308.01
703.04
1478.44
929.16
709.04
413.32
1612.31
272.69
6773.16
929.2
459.18
2172.06
297.93
415.85
326.64
1204.63
655.79
926.79
510.31
488.02
370.06
345.57
376.68
869.68
400.21
164.65
1246.71
307.03
408.63
310.1
826.17
1224.26
658.39
298.3
468.07
154.13
280.86
523.64
657.98
489.09
1065.94
16180.4
266.95
1843.09
312.67
507.28
945.95
871.71
913.13
445.01
2077.62
478.01
1299.63
687.31
324.69
1075.43
169.84
417.67
451.58
530.16
299.85
218.9
561.05
740.59
508.68
269.87
902.29
734.01
428.62
573.4
1961.07
1187.2
445.69
351.89
680.8
616.64
279.66
262.23
535.37
346.73
742.64
345.05
2413.33
1458.27
550.74
394.02
459.8
492.25
518.99
652.64
1364.72
680.58
259.15
401.94
953.37
240.62
334.44
330.57
507.41
512.13
1247.48
301.14
232.75
762.52
720.51
328.75
1546.89
382.69
770.27
582.42
165.96
371.94
1213.76
588.3
548.3
2383.04
314.78
864.31
355.75
658.38
1071.81
1788.32
354.76
282.35
817.82
374.26
2760.03
1522.76
236.74
293.49
347.39
285.9
352.18
475.96
605.75
502.92
1693.8
318.01
527.97
594.22
1100.92
125.05
462.19
242.14
406.49
2637.65
771.96
265.62
508.76
983.46
778.58
986.12
499.65
540.47
245.98
417.62
315.4
214.87
1105.2
1515.71
293.48
340.57
324.92
643.18
694.51
242.24
306.18
599.34
509.32
4063.78
364.82
515.36
737.22
347.88
973.97
448.13
552.06
705.27
216.47
1419.39
1063.94
454.67
670.81
927.45
388.7
425.86
537.44
363.78
639.18
1973.14
280.31
260.82
568.21
510.02
215.19
493.47
367.1
460.02
314.85
433.16
496.38
743.28
608.07
366.44
660.31
722.32
1829.94
1166.35
728.62
433.33
2236.03
1621.01
587.17
235.88
578.46
429.4
603.94
254.12
292.63
1709.48
463.07
412.39
456.21
307.76
575.31
485.27
492.58
734.35
380.29
552.44
111.33
440.79
995.07
621.98
126.75
234.13
1009.31
1571.32
460.99
1342.15
168.51
866.55
1099.81
768.89
484.82
245.08
742.13
223.82
706.12
791.59
923.57
530.65
668.9
592.22
4985.15
809.85
2147.32
6958.95
1338.04
655.19
362.01
536.6
484.08
2500.37
179.79
578.72
635.57
474.08
473.04
4014.51
1386.67
324.46
1690.21
602.9
312.62
233.18
2659.62
151.47
704.05
736.01
1131.3
576.4
580.39
433.75
646.82
571.82
393.01
1006.72
492.35
699.32
160.28
633.53
678.99
506.79
147.92
255.97
1620.73
350.94
414.39
379.18
348.09
1870.46
321.45
513.94
211.99
219.65
409.84
694.65
951.17
902.93
360.96
464.97
790.46
966.42
976.53
936.15
899.01
364.6
648.91
188.85
555.12
1590.77
867.51
905.09
831.47
487.44
351.83
465.84
424.31
429.66
173.58
998.55
211.06
383.07
653.85
994.25
1610.63
793.15
3320.91
504.27
656.59
327.61
586.46
463.82
247.05
194.43
462.57
966.4
584.81
178.65
454.13
441.49
419.03
345.69
379.26
2728.22
2694.58
392.36
181.53
331.22
798.62
299.68
336.45
479.66
453.03
192.29
342.15
169.33
1290.74
706.63
244.05
495.66
347.55
359.44
398.67
494.27
762.84
515.46
524.38
812.72
228.38
1014.87
404.91
394.73
885.21
281.14
766.65
235.12
1629.17
590.89
442.41
118.15
224.82
181.69
175.82
1297.53
190.28
534.53
586.12
449.16
994.72
224.99
4362.85
455.37
1162.18
388.89
219.27
239.75
351.97
509.45
271.35
509.04
1276.22
1992.15
503.93
184.96
406.6
183.86
3179.43
505.25
537.44
259.03
377.08
546.1
722.09
104.99
229.35
170.48
496.57
281.71
516.55
527.15
501.49
881.43
3891.99
840.79
608.87
205.11
157.63
494.34
602.92
258.5
1072.88
471.63
382.91
672.6
204.79
388.26
365.86
790.73
365.33
366
112.97
366.61
1411.84
577.12
290.02
235.5
343.62
558.52
478.51
471.01
593.13
447.6
614.6
484.98
2035.96
527.51
563.67
195.89
569.97
373.49
582.54
534.3
1225.51
312.62
676.8
2647.9
676.87
651.11
828.09
493.84
256.94
429.93
540.78
318.19
725.44
6997.38
699.16
1011.17
629.15
243.87
1276.62
1056.38
311.03
2392.32
442.62
321.03
355.34
218.95
653.81
227.49
356.84
293.43
2175.06
964.95
1388.2
1086.27
184.93
321.66
321.27
1511.19
332.51
781.48
609.78
3671.45
1003.08
282.78
616.5
929.51
657.6
372.16
2197.83
4350.86
333.09
407.65
212.45
643.82
6788.43
556.89
557.17
1487.74
666.64
831.96
359.21
294.18
450.2
437.95
1148.69
254.49
288.52
614.13
597.02
428.23
770.95
308.99
299.78
422.82
248.42
669.92
550.38
1137.67
3592.2
139.3
688.3
210.21
390.11
1347.27
833.61
567.97
1442.06
952.06
439.58
422.27
2758.42
900.03
591.2
261.91
191.38
1689.86
565.94
584.41
237.37
1154.06
345.93
507.97
607.78
294.64
1417.52
1145.43
280.25
484.12
1510.24
288.84
270.18
605.53
730.69
149.61
4267.53
379.82
325.49
1514.89
378.92
1662.61
1175.9
535.64
332.22
433.72
239.98
1362.57
675.47
748.03
850.61
1181.97
1008.16
537.45
1033.18
1053.92
729.15
573.33
392.11
715
375.93
200
389.74
1891.64
180.96
2021.58
458.63
131.9
548.23
320.93
1024.22
1034.78
409.61
381.78
601.95
412.07
304.51
931.82
884.13
189.66
171.86
272.06
614.04
437.23
259.09
491.93
1665.36
1668.49
647.49
224.85
385.59
357.11
363.6
493.23
792.94
309.99
994.64
800.37
387.23
220.33
336.56
308.53
465.7
4617.57
239.71
274.41
716.88
727.56
503.35
225.76
868.77
484.35
1010.95
229.09
294.66
322.84
429.54
1892.96
333.47
1450.16
321.72
392.55
170.54
11135.8
2233.07
421.71
1136.32
453.5
308.74
1174.76
340.48
874.9
637.1
359.41
695.6
3128.5
254.03
394.71
1329.3
373.05
448.02
381.5
271.02
297.51
379.95
302.65
1041.3
321.45
629.31
414.97
165.08
829.74
276.03
853.45
761.07
286.04
2938.41
572.2
435.97
1103.06
344.41
1323.13
494.9
303.62
236.15
977.4
307.27
1331.89
991.05
307.38
4866.94
586.95
403.65
280.1
348.68
521.44
296.79
439.85
494.79
215.66
3749.68
284.2
1580.16
1686.1
192.55
603.46
438.05
456.79
545.28
820.03
753.68
232.7
142.89
184.05
206.77
4464.54
163.63
1053.02
517.96
245.07
484.53
448.44
611.64
8983.11
358.51
320.1
761.15
273.68
759.63
280.87
283.68
605.62
313.96
2085.17
606.96
600.52
441.97
265.83
1076.15
761.67
340.53
326.71
447.13
514.66
8249.82
222.65
1166.06
665.37
429.62
263.58
924.41
853.58
266.09
238.59
1274.77
564.25
198.99
523.74
675.73
461.5
429.41
511.03
741.17
1921.34
318.87
132.95
442.88
1540.93
763.33
886.86
1028.19
456.8
278.93
230.1
382.43
7033.58
1131.73
711.58
636.79
383.49
258.99
439.58
211.82
705.5
539.13
288.63
306.87
555.75
334.18
483.91
181.01
210.33
225.09
649.54
1136.33
369.71
913.62
503.03
1297.81
336.62
3467.14
524.37
214.52
449.87
918.27
382.52
230.4
2177.39
400.51
158.17
865.71
388.17
6499.53
2244.72
1032.52
298.57
395.7
767.97
243.67
681.45
386.64
841.29
668.79
967.19
644.87
228.35
245.85
1053.03
482.4
2094.25
326.29
2115.31
654
198.55
869.82
513.66
903.19
500.54
190.75
249.43
4005.01
535.41
876.98
476.46
257.35
1304.56
1234.02
704.27
680.03
452.85
140.2
657.14
541.15
1183.15
456.95
342.3
794.88
740.21
645.18
383.75
998.25
306.4
714.16
1687
552.63
431.53
863.85
1680.6
156.88
197.86
413.49
1804.26
493.43
418.24
143.54
533.77
521.47
518.09
736.68
2216.34
298.63
1812.47
418.9
306.57
180.27
771.21
2710.76
1344.41
810.42
488.09
660.95
2658.82
248.48
1826.03
303.17
359.25
1745.07
468.07
289.4
1241.69
367.17
1403.25
542.24
731.46
317.87
1711.69
359.09
1129.33
221.66
1255.87
359.14
455.06
132.7
196.92
598.88
315.74
444.85
146.54
184.32
330.66
803.13
886.45
2653.58
986.87
850.58
12579.7
1725.02
1256.57
226.25
2504.13
832.08
3064.62
340.02
478.77
3096.51
480.14
1638.81
455.19
1531.07
718.98
1114.24
1234.07
916.91
212.94
897.6
142.21
699.06
256.98
709.83
446.66
930.07
1445.33
239.76
1667.6
2058.62
348.08
1075.39
778.47
1094.69
251.84
637.58
127.5
214.85
2775.84
5834.94
592.97
255.87
245.92
501.37
197.68
1088.11
473.88
241.98
306.02
504.66
471.95
478.93
96.03
441.38
1619.36
603.01
561.98
471.88
1032.67
697.5
390.4
514.07
1464.85
2657.16
1752.59
348.85
137.41
2044.73
428.53
528.08
876.45
265.9
176.05
427.87
600.2
1103.38
364.04
798.45
389.19
1005.9
446.38
369.88
435.7
873.63
432.2
754.01
518.99
250.92
337.89
314.24
2031.94
6324.65
423.28
676.83
616.09
762.06
312.68
927.42
870.61
170.04
531.53
450.14
228.52
1001.15
265.14
245.51
746.41
1909.98
947.55
355.37
1479.03
2106.64
1240.57
2075.29
414.97
784.16
661.38
671.63
1621.97
375.93
299.71
830.7
1387.26
327.77
2838.68
1630.09
1287.17
1023.78
356.45
352.55
917.72
419.02
406.06
748.98
316.22
679.74
83.45
632.89
802.23
234.22
1304.67
387.38
1376.48
429.98
2122.15
336.25
312.28
577.94
238.59
280.72
1834.01
465.3
199.29
350.43
327.29
1010.56
1032.01
461.46
521.86
650.03
284.86
792.62
587.59
277.71
153.15
4187.45
1506.21
186.59
361.74
3988.03
295.73
257.51
330.62
4913.08
1180.63
80.22
325.31
312.06
406.58
501.59
718.36
270.98
244.24
523.67
351.54
864.08
205.1
983.06
787.27
1918.06
367.45
667.61
486.99
349.47
357.46
1669.16
1060.71
591.55
168.96
492.09
614.27
371.49
389.63
390.45
238.89
1427.38
693.97
235.31
239.1
1329.32
482.92
696.84
209.52
1562.7
805.85
818.99
365.85
1964.11
704.65
341.72
1738.41
3160.59
1415.24
735.1
659.48
785.25
1213.76
485.29
222.49
449.5
513.4
2486.2
362.86
97.41
400.96
1587.85
621.28
1191.65
1660.62
480.02
1016.79
407.54
413.25
623.78
605.84
539.47
520.88
976.68
713.04
854.95
391.48
1454.67
330.33
482.89
2277.62
1239.98
1227.47
611.03
701.81
720.7
330.94
321.04
276.03
601.25
536.19
467.23
1010.01
948.49
4832.85
640.33
1801.16
523.62
743.45
417.09
562.61
592.38
168.44
3182.86
515.98
412.66
859.27
181.17
1525.77
180.6
387.23
488.49
692.3
380.23
1785.44
772.07
195.37
784.06
477.76
584.89
998.6
289.16
334
1178.16
224.48
559.02
918.75
707.79
537.37
342.06
878.56
542.25
324.77
760.95
1019.05
400.99
915.66
338.59
232.83
1225.85
401.81
318.79
1413.07
4791.44
272.63
296.91
512.96
266.07
1529.62
1565.19
214.26
701.97
1712.65
405.2
241.31
230.04
908.61
698.15
769.5
664.97
808.98
330.96
367.67
192.04
298.74
263.03
420.55
525.12
192.87
554.24
338.92
367.01
900.64
254.42
1369.38
905.72
385.02
5755.72
1266.81
193.48
393.96
471.51
3068.22
235.09
1279.56
388.57
367.52
328.3
374.06
292.51
168.21
1186.17
311.05
1909.79
257.19
452.71
1109.21
388.4
184.38
309.95
2167.37
607.44
2577.7
1355.44
1233.96
548.51
643.67
163.36
538.64
367.33
386.93
669.82
267.54
577.02
736.64
984.49
926.6
319.7
401.29
399.55
35900.1
544.9
620.1
1680.66
383.98
1824.03
2088.84
736.3
1452.49
167.2
165.84
255.21
605.62
611.82
2214.25
874.39
632.93
796.07
421.9
1156.99
230.7
972.42
244.25
604.9
730.25
156.36
266.63
540.29
83.02
262.42
140.85
1204.01
1073.63
571.74
2598.5
260.13
1498.19
1703.57
1379.15
641.56
974.62
454.86
1208.32
529.36
301.73
244.1
1687.38
365.86
831.74
727.17
587.41
690.91
2609.24
312.32
248.91
496.83
786.41
1237.17
550.72
337.57
2533.39
319.25
1594.92
720.58
572.61
731.28
454.44
1051.27
582
1212.59
937.37
627.93
1202.35
1056.3
327.02
224.76
220.9
606.03
830.56
1161.02
1260.68
517.9
1025.11
224.83
1686.9
419.43
519.22
295.25
619.6
248.82
1532.26
1017.93
879.91
802.38
531.49
1814.71
360.68
3177.97
314.73
1189.82
276.75
948.15
1437.27
463.31
430.43
579.44
1283.86
451.38
161.58
1222.57
817.98
427.34
198.55
663.82
335.38
431.39
583.33
309.84
339.38
455.57
267.71
584.7
1897.03
311.94
1006.15
875.64
1124.58
480.56
763.48
342.54
874.98
794.79
1162.74
407.88
342.2
671.19
157.96
631.6
346.09
819.2
847.84
483.4
354.49
551.93
274.81
941.96
516.73
466.01
322.48
553.16
246.06
1933
424.1
321.14
375.56
493.56
459.69
2330.44
397.85
578.66
1048.21
305.87
656.68
270.01
463.53
566.77
302.4
1319.03
257.68
374.54
719.02
499.14
262.43
1756.95
4653
282.26
660.47
2479.13
782.59
438.67
603.74
167.89
190.55
380.05
209.76
184.02
442.67
490.74
565.58
451.45
197.82
478.19
442.62
425.13
321.48
188.94
1567.44
479.31
586.6
404.25
171.68
370.81
324.56
879.7
626.85
128.94
920.22
1334.92
507.95
829.73
711.93
673.25
240.24
1311.67
1379.89
238.88
509.89
1108.46
444.69
812.25
335.38
405.34
463.2
193.2
735.78
404.85
1483.9
1308.6
685.61
348.65
214.51
847.35
683.65
834.76
288.25
422.61
315.12
1098.09
224.66
1425.77
414.97
268.15
307.23
514.95
1100.07
518.97
274.46
243.25
377.85
466.63
202.11
493.97
671.88
618.76
349.49
1034.69
339.05
654.34
2865.25
557.89
593.22
368.82
1523.89
250.28
540
1821.7
2479.33
291.54
153.47
949.47
313.32
1193.89
490.85
286.92
1011.59
303.05
476.66
1109.92
1149.8
119.46
557.14
633.32
899.16
1040.02
760.7
178.81
263.7
380.24
436.76
234.03
343.92
144.8
1293.68
552.73
516.86
386.02
383.44
885.12
310.38
405.84
2184.74
1173.23
466.75
419.3
567.51
613.74
284.94
571.85
466.15
663.44
296.64
459.95
224.09
178.69
303.14
293.39
186.46
2340.45
1219.23
486.55
907.14
401.93
1997.01
740.08
355.39
2794.31
584.73
212.94
243.6
342.23
170.83
971.1
6804.8
241.02
558.3
562.55
425.74
952.33
524.55
557.41
277.91
477.94
327.97
370.62
792.85
197.52
223.86
1039.47
1215.63
260.96
330.22
717.51
132.02
734.04
415.61
848.65
788.99
2639.08
267.41
1415.33
976.13
248.74
330.12
352.44
1579.77
501.96
1879.57
1001.61
671.46
480.92
431.5
566.89
1606.08
394.87
1212.01
233.48
1181.59
2250.8
472.31
623.6
403.23
1202.64
2344.49
1836.41
410.48
626.08
570.66
903.23
5240.77
439.66
447.24
384.26
2067.9
337.33
791.36
554.84
341.94
1735.62
862.75
361.27
646.63
924.89
964.69
670.33
548.3
393.98
630.88
1645.42
1493.61
169.68
337.67
269.96
769.93
536.41
635.79
277.17
1154.11
453.55
392.13
835.42
314.48
409.47
305.19
946.87
1634.39
384.02
548.91
378.76
391.96
1165.15
408.24
225.68
190.93
496.95
225.3
330.33
1171.48
198.48
420.56
239.78
426.72
326.38
272.71
750.69
282.06
6273.73
867
1495.98
224.62
1621.35
1142.04
199.57
607.84
1255.82
123.74
340.03
972.14
600.08
678.13
1012.97
458.66
299.3
516.29
10937.3
616.21
902.94
632.59
220.29
360.65
400.99
634.36
294.77
341.09
167.22
190.8
259.2
562.17
877.22
489.51
395.49
247.42
1490.89
822.61
1427.83
1709.37
319.64
313.15
717.21
644.02
513.27
342.69
378.13
643.73
432.35
128.17
808.38
108.15
906.02
481.33
739.12
7632.17
508.93
579.92
134.68
649.48
1206.73
471.15
300.65
490.81
910.42
565.69
350.01
1561.84
417.07
257.62
1588.74
279.17
636.41
285.93
15709.7
462.99
336.46
291
1364.81
683.83
357.47
899.45
202.95
445.12
809.94
507.77
606.01
189.45
4067.15
198.02
892.17
303.77
849.95
420.37
770.32
195.87
784.19
952.9
434.61
345.82
808.08
704.46
584.17
113.67
557.41
447.47
1155.29
1283.61
507.01
444.52
516.7
356.52
942.58
1957.1
225.6
362.46
313.11
608.44
363.82
521.02
1008.48
883.36
773.73
1270.21
738.69
400.09
197.68
742.02
661.68
1129.51
400.97
390.92
467.97
1234.6
180.26
316.84
626.47
133.18
585.39
326.72
294.9
3157.35
512.31
342.28
918.85
722.61
216.7
757.12
1590.08
263.02
656.57
1336.2
530.52
1192.83
461.33
949.54
461.46
1629.45
574.76
903.05
224.89
2426.57
624
692.44
1343.11
183.62
161.53
2124.02
144.05
789.76
777.72
948.5
505.21
755.92
326.11
248.45
254.35
2456.75
198.73
267.08
285.94
360.79
358.98
502.79
671.5
638.41
1366.68
1047.69
985.31
156.9
1208.32
1341.96
463.11
626.63
566.34
380.83
1036.99
875.54
210.77
265.3
217.58
131.68
747.77
593.19
1309.75
538.81
1049.4
2153.5
475.25
3227.46
464.02
422.85
1326.54
601.66
572.01
338.77
2638.15
1637.42
310.04
599.34
350.74
241.21
377.39
405.8
424.55
213.81
579.85
1194.75
1849.23
1087.89
930.35
440.19
582.15
567.53
573.87
1177.71
194.14
575.35
309.52
327.15
764.93
438.31
299.46
564.05
1105.02
309.87
2169.24
377.46
513.23
1397.54
359.86
325.36
462.63
287.71
1132.4
825.07
469.68
1159.89
592.82
401.25
321.09
325.4
508.22
1282.65
645.7
288.1
523.6
664.34
2517.27
278.91
272.29
647.59
309.4
278.73
378.03
341.89
222.92
405.11
7441.64
445.78
803.47
1441.8
3470.36
278.01
225.19
427.24
756.8
914.83
319.37
481.39
316.25
463.93
182.28
2244.85
443.24
695.15
462.88
1194.86
397.7
1013.1
742.87
135.43
717.49
213.32
477.36
561.83
904.26
384.19
570.09
491.17
332.44
4689.92
750.56
590.2
1316.34
397.25
948.06
3310.27
287.44
287.38
301.5
236.65
200.39
1274.41
458.54
694.64
467.7
773.92
393.13
1346.11
1050.57
453.69
1869.04
920.56
407.89
662.03
353.26
763.47
322.75
1137.18
1897.04
686.22
254.1
1059.85
312.25
404.21
456.04
556.86
907.26
568.17
1631.72
227.97
234.49
1457.62
832.83
268.06
465.05
15804.9
308.77
1798.11
352.21
193.82
193.13
206.19
1014.01
177.7
876.9
1446.5
267.61
200.94
230.08
417.43
828.72
293.82
576.33
388.19
492.48
631.49
250.1
509.14
210.45
1560.51
615.91
510.92
344.83
992.18
735.81
1290.4
718.21
472.78
459.03
552.11
362.57
253.35
1524.35
423.61
292.81
751.76
495.31
2794.46
748.34
383.8
263.1
506.9
638.07
307.22
773.77
339.79
5176.84
1261.28
2737.45
204.98
197.49
765.93
241.24
857.46
890.33
1072.97
767.98
646.41
727.37
1485.08
486.17
873.85
639.18
3560.89
291.66
1185.54
1263.58
724.44
626.23
524.09
533.08
790.71
3910.09
476.04
352.43
450.7
1113.65
631.19
350.14
996.05
298.41
665.99
198.55
279.79
468.77
661.33
264.09
160.87
488.17
891.14
2304.84
2698.69
393.25
213.87
578.37
861.42
2106.71
321.21
187.22
1227.45
1383.77
141.09
3405.01
528.86
256.38
452.87
358.87
148.14
1214.43
3036.35
238.59
2366.28
486.96
595.09
899.02
734.72
962.09
774.71
3264.41
1116.3
439.1
1366.33
648.6
478.75
1171.72
518.07
2224.09
478.25
117.16
1151.83
511.01
1079.81
723.06
303.06
964.51
576.9
762.21
1416.25
683.14
215.1
900.07
1237.62
1010.27
484.85
578.78
519.6
624.53
272.85
784.74
554.44
494.62
559.36
2202.59
256.15
316.9
169.26
395.62
264.03
578.99
757.13
367.22
742.05
138.61
423
507.3
341.64
596.25
269.44
569.63
220.26
751.2
523.67
112.06
541.57
248.52
987.54
313.88
300.97
375.54
936.77
427.38
617.27
1856.9
314.57
2020.6
861.54
914.53
3627.34
562.87
418.54
643.62
209.2
364.79
1670.38
289.51
910.82
6859.28
390.2
1006.27
518.94
325.25
348.9
125.71
740.35
498.1
740.46
529.51
1880.09
956.62
521.73
423.94
775.12
929.11
213.31
735.92
1741.11
409.19
784.26
359.46
602.43
173.18
465.61
1737.54
727.92
737.79
220.97
565.12
854.58
638.14
324.05
201.53
1064.77
296.92
379.58
1855.06
441.31
391.45
235.13
555.45
774.07
1636.37
674.52
4954.34
894.9
266.66
687.73
748.43
400.9
2452.88
184.31
391.67
740.58
650.76
559.76
4432.29
345.35
172.82
250.96
186.3
420.13
261.15
585.69
1254.15
550.76
634.83
617.48
292.71
281.37
461.54
639
626.02
714
597.36
523.94
162.66
313.9
955.45
700.41
1156.28
1394
453.67
622.74
1536.31
761.57
283.17
1053.68
144.79
1116.31
676.76
569.18
4826.2
224.35
1207.83
482.66
229.71
445.87
2282.51
125.77
564.24
479.7
537.07
262.96
853.84
10352.3
401.95
650.96
751.05
517.67
361.16
582.79
131.07
470.51
649.8
182.07
3198.29
1074.75
295.81
209.61
309.41
808.32
419.39
188.99
2351.42
486.4
483.72
855.39
899.83
139.57
323.57
381.73
1446.54
822.47
226.5
207.19
964.21
1324.4
143.54
735.32
297.82
619.32
735.44
1406.27
757.48
372.44
2042.45
2132.34
267.43
234.76
858.42
313.49
1100.79
370.37
685.87
813.49
134.89
585.56
468.67
890.68
714.76
901.22
783.63
218.23
329.87
1220.13
513.81
1466.41
458.59
460.69
1087.25
329.8
1173.26
293.1
400.95
305.89
916.24
1532.14
123.36
269.47
862.49
910
179.57
314.31
357.6
587.72
339.63
431.67
369.88
472.5
360.47
297.54
247.46
529.04
585.81
301.98
304.98
631.38
250.36
539.2
627.42
811.43
546.92
593.77
1150.22
318.05
277.46
311.92
363.26
1724.51
498.89
1131.62
837.51
789.99
579.11
1213.96
1438.79
587.04
297.18
296.13
830.51
441.88
472.8
888.34
1030.2
279.3
649.63
210.61
451.03
1473.49
635.73
227.75
1208.14
611.78
731.2
704.65
292.5
422.84
390.36
667.91
760.56
684.01
231.69
217.46
181.37
199.31
366.17
262.25
457.83
1041.15
731.08
598.04
183.25
487.73
617.48
499.72
705.3
381.41
97.53
1415.19
511.88
416.07
835.26
566.28
747.18
2291.91
3524.86
527.06
225.78
587.65
1386.04
277.33
608.28
1230.76
597.27
1979.96
288.77
2021.35
495.56
828.62
511.56
191.27
760.91
1248.18
978.43
418.63
676.54
557.94
395.1
928.52
295.94
918.87
304.75
1816.67
281.89
318.27
358.04
337.39
300.98
2084.83
565.49
263.09
789.82
288.3
1523.11
778.51
1294.1
303.76
334.66
377.46
439.29
242.84
890.05
1236.48
451.76
304.81
242.83
448.98
510.64
404.82
333.61
403.86
185.13
454.07
601.31
636.58
678.88
364.4
259.72
4092.86
879.33
910.07
443.32
2566.18
418.47
270.57
3276.3
882.46
573.91
688.98
403.02
1193.66
483.58
1114.73
206.34
863.06
697.96
950.44
951.5
463.47
745.71
214.43
856.78
410.67
2268.9
240.01
570.23
2109.83
86.04
984.46
422.55
1530.54
390.8
212.18
369.92
4438.48
305.77
2091.43
566.87
350.73
489.31
1268.51
476.98
874.65
319.1
286.27
804.01
2286.22
408.99
511.02
318.38
2587.16
402.59
243.14
811.08
1005.87
238.42
333.02
507.09
874.2
870.22
487.35
950.56
661.73
728.13
637.03
543.22
271.1
3307.57
983.86
915.11
228.51
548.31
268.15
248.22
238.93
514.43
2125.37
309.86
311.29
161.3
572.21
686.52
646.21
243.47
139.02
742.32
252.06
577.81
3206.46
2260.43
11990.6
400.35
324.33
977.87
140.23
811.3
234.77
1426.84
1044.38
322.3
344.64
577.05
580.72
895.01
202.21
644.51
88.21
752.83
693.4
352.2
576.33
872.52
4239.71
244.41
258.23
1893.42
361.44
1432.43
608.89
294.21
340.29
487.18
843.51
249.12
428.75
867.36
237.39
379.56
552.06
168.28
555.94
368.17
1211.88
974.5
342.75
350.04
227.96
1164.37
1053.6
557.08
235.84
1546.38
146.99
544.13
1046.42
1456.26
1357.43
1447.67
1620.34
304.65
935.54
810.68
354.46
1403.56
1547.86
1703.05
9920.6
670.09
705.39
1883.59
229.09
509.63
188.18
340.67
614.87
622.84
656.91
508.75
1168.19
880.06
393.82
849.18
2215.38
235.4
384.13
1941.75
760.83
466.97
163.16
417.41
499
176.77
540.53
269.5
873.75
215.48
467.78
181.07
839.52
381.33
301.66
314.9
203.53
3760.94
410.4
189.97
453.56
440.49
1036.82
1261.23
825.79
401.3
657.91
333.36
1795.51
320.7
380.44
93.71
337.36
6220.6
598.17
1497.2
1148.08
2056.84
270.54
821.03
1362.96
1191.63
974.55
223.73
451.82
274.07
400.03
1064.22
404.54
710.65
473.64
511.89
586.5
145.92
1536.51
472.85
582.7
778.57
1134.94
816.52
815.72
231.13
307.07
1035.37
274.89
415.15
3566.09
938.25
1620.73
917.58
1190.21
759.7
282.06
300.58
224.21
225.13
195.29
811.86
211.68
1505.12
2273.69
9030.16
796.43
352.48
493.99
730.63
714.52
286.64
612.11
408.27
1221.41
1064.31
2089.17
327.93
854.33
209.78
2541.45
578.45
296.48
811.96
235.41
757.92
1259.86
1392.05
969.17
298.74
206.29
322.65
706.09
389.75
252.21
1156.94
363.07
976.28
121.45
232.29
600.84
1342.3
373.25
1016.2
2106.63
1604.65
833.02
137.2
257.37
435.18
1335.34
1104.67
205.98
1454.23
925.42
251.36
234.95
634.65
2062.96
809.37
1286.02
665.2
806.98
1130.09
3159.37
813.88
783.21
757.84
1357.23
318.09
816.73
437.72
765.81
481.22
304.29
328.85
636.09
791.19
2237.35
290
322.87
311.47
464.96
529.17
685.81
175.02
183.04
511.89
1176.69
1076.62
930.12
1432.6
327.85
1333.29
1168.92
234.85
439.11
192.1
301.63
965.35
651.13
564.96
295.64
190.54
482.24
212.83
380.92
340.32
354.36
1079.84
246.7
334.08
588.54
362.09
522.44
384.6
1728.65
2346.61
298.29
218.51
351.97
239.87
766.45
862.27
1575.08
685.62
876.05
1090.29
9658.35
1723.49
184.62
493.23
144.84
917.81
1155.84
586.82
501.82
1347.73
228.36
395.25
292.6
368.16
1642.27
611.72
361.42
884.7
287.92
537.69
233.97
373.74
163.71
429.88
884.48
270.86
379.43
354.55
476.1
172.88
734.87
113.87
660.93
1456.42
218.99
436
384.35
685.97
230.78
1948.09
378.17
2742.97
1285.34
641.57
2367.82
193.68
667.08
505.72
177.23
580.81
321.39
391.32
665.79
574.22
421.36
162.38
487.39
187.85
607.98
209.64
1848.03
384.01
471.77
256.83
445.67
349.22
438.38
377.13
527.49
447.33
458.37
526.5
331.97
458.01
5153.18
312.67
890.39
811.97
315.63
376.91
935.07
746.28
558.75
266.91
1301.82
2378.28
1316.5
1425.22
620.26
171.1
1123.01
350.03
486.67
379.33
364.79
209.55
1660.59
326.48
407.49
349.55
315.75
870.17
1492.79
595.91
1430.51
574.5
621.2
228.14
169.17
291.81
312.56
392.8
658.58
571.11
670.11
1243.83
291.58
249.17
616.7
377.74
736.59
483.95
1018.05
206.72
338.84
374.93
243.05
11123.7
348.91
1118.6
232.3
506.24
165.47
254.44
502.5
443.08
631.61
662.09
1455.71
566.22
234.2
978.38
158.34
343.61
195.01
2800.69
298.26
511.62
541.28
398.36
927.72
1414.78
404.67
539.61
536.37
621.3
183.8
433.51
1328.69
1080.58
617.69
786.83
251.69
583.86
987.3
5733.47
1685.67
810.16
148.17
143.71
394.69
188.45
1268.07
357.49
915.03
933.69
539.19
6633.72
281.74
242.6
657.45
635.83
625.51
371.48
372.45
1764.04
2554.99
698.42
289.26
558.56
683.66
348.92
882.03
537.34
691.22
412.06
674.44
937.93
363.67
469.38
392.33
614.29
594.9
230.14
433.93
460.23
206.74
915.58
699.88
265.01
253.95
1013.02
243.79
331.8
552.83
484.51
818.44
1355.98
386.18
872.37
226.58
1832.06
697.89
329.33
319.06
157.16
232.21
850.93
335.3
471.08
408.9
3548.86
1299.83
459.67
359.15
3057.55
153.18
337.26
510.07
341.04
3025.36
712.15
1058.76
547.66
932.35
1325.31
1398.35
876.71
303.13
667.42
1996.38
414.14
3716.45
269.39
319.72
224.49
557.46
1328.42
6949.58
264.5
184.98
649.22
366.58
378.23
504.8
619.72
490.13
1418.01
667.18
647.52
322.36
287.16
598.04
639.62
1108.98
449.46
1907.21
1421.13
463.17
484.89
245.93
1257.81
185.32
1547.41
776.83
214.73
236.21
691.89
492.47
1095.2
551.08
393.62
10423.4
1284.15
308.54
426.38
549.07
420.32
441.86
1577.59
685.09
299.09
930.43
380.24
291.73
2786.02
530.28
1914.92
603.2
204.91
245.88
2492.4
617.85
163.93
290.62
788.49
1412.33
316.71
585.7
387.18
699.71
568.08
712.46
366.89
1206.24
332.48
1397.21
585.38
298.32
333.87
218.45
974.67
115.84
184.71
208.58
1066.37
2021.48
510.12
447.71
450.69
468.74
535.77
248.75
209.06
694.15
1164.98
494.69
469.98
3425.01
515.09
718.14
117.36
692.66
300.88
2411.83
819.4
281.61
195.37
216.46
318.98
212.61
941.47
935.49
256.81
411.5
2022.29
991.58
603.22
1231.01
382.44
546.4
367.53
1419.62
289.88
215.13
208.97
1582.95
476.44
1640.24
352.48
3423.19
1636.96
438.08
686.05
357.86
653.23
431.85
494.7
501.46
819.67
388.82
330.03
6158.95
1117.03
504.59
277.3
621.65
308.67
588.92
342.97
960.31
264.6
205.12
1853.01
9158.02
875.53
2737.47
388.93
2939.83
1312.9
476
884.33
1270.92
267.02
379.21
429.05
2086.8
1682.56
546.69
413.75
466.93
513.28
615.33
1506.2
2049.84
664.55
840.23
918.45
136.31
193.34
450.59
458.22
392.49
533.04
669.33
222.91
563.39
1333.69
4480.12
1504
366.81
1075.03
4224.97
408.25
183.16
377.05
918.49
275.84
208.28
364.19
640.1
194.28
645.14
396.64
373.27
1139.58
295.92
454.12
451.27
308.72
370.26
598.3
818.34
2012.84
521.25
683.44
929.97
222.88
105.82
956.21
297.78
845.23
1179.63
223.66
2080.35
141.14
499.7
147.4
1248.17
271.69
399.38
528.6
2283.38
298.83
200.49
219.16
390.67
411.7
419.39
297.28
425.57
357.37
862.1
733.81
494.69
541.46
651.28
1498.44
619.42
623.2
1055.02
393.36
523.89
604.76
635.04
439.05
1166.77
293.79
671.04
586.57
801.12
858.83
603.56
365.22
878.77
269.08
1000.76
421.54
438.78
376.81
1188.9
251.08
366.08
266.73
126.11
395.72
1075.43
754.79
384.1
703.83
1272.74
1135.3
270.14
205.3
6839.71
1298.49
454.58
676.64
257.67
584.22
2522.48
1716.21
983.62
323.57
285.76
424.9
507.6
321.77
988.34
93.67
355.93
1133.16
354.81
272.59
479.61
490.37
943.17
1038.19
2109.89
1384.52
680.75
646.88
646.91
1041.71
794.49
585.49
726.56
467.37
1188.66
627.38
310.51
660.41
787.42
279.96
1727.83
614.62
263.36
292.78
279.09
656.4
328.83
484.08
360.96
590.25
231.39
200.19
404.15
253.31
192.21
700.26
1508.14
1714.22
542.86
540.49
3553.42
186.76
260.43
803.22
354.6
302.73
909.77
283.1
308.05
856.59
881.26
406.14
956.25
300.16
291.68
3992.47
1370.79
565.06
451.48
2260.82
401.89
479.63
2111.97
601.97
735.88
1198.03
573.57
285.71
287.41
235.59
1251.97
21805.8
372.24
1214.24
1071.34
418.93
698.52
194.2
605.58
764.07
1530.81
1837.2
189.14
638.32
519.7
232.43
611.22
6546.84
341.7
3313.43
1098.72
1597.7
228.26
808.07
505.35
575.29
267.34
310.93
355.89
1113.03
322.24
267.6
638.89
475.56
1360.72
1212.05
892.92
455.38
575.17
1184.89
249.76
341.24
190.72
461.46
311.82
620.77
306.56
547.18
412.72
258.06
631.97
505.21
449.73
2432.16
931.3
371.5
439.57
323.01
326.07
1025.8
331.91
202.31
477.02
725.7
642.58
692.37
293.2
1753.98
504.78
271.33
253.08
354.09
462.07
1136.19
3149.91
421.02
123.57
556.98
736.76
324.84
503.69
409.81
553.83
760.55
707.41
158.93
228.58
96.69
310.28
3813.67
300.7
370.65
169.74
764.02
733.03
234.78
260.35
1401.36
194.82
1174.85
588.44
933.7
1316.06
312.04
479.45
598.75
231.59
382.09
837.24
261.3
835
2313.43
869.92
1223.71
2668.02
236.04
855.93
212.51
2216.23
1889.87
2076.13
2276.69
1379.5
311.32
841.94
426.23
325.38
306.85
1549.85
724.94
619.33
495.05
288.39
1285.68
338.62
797.02
1227.53
941.28
961.03
651
827.69
420.77
1436.31
929.43
485.35
1388.33
1723.08
282.53
370.09
618.5
2014.61
1809.96
1345
751.08
563.31
614.03
204.19
322.09
834.22
851.43
563.8
301.45
548.32
1082.25
627.57
271.68
671.64
353.29
361.63
355.6
467.27
530.29
567.27
1271.65
628.42
198.46
465.4
239.55
513.21
1200.74
1007.21
186.3
644.31
461.59
611.15
212.06
336.55
395.6
292.05
193.37
944.48
280.62
550.22
755.01
242.76
1649.63
1172.25
858.27
272.1
150.78
1068.7
268.22
672.43
569.61
402.14
2110.26
151.34
1784.02
1750.1
432.74
432.46
1390.09
3970.74
191.11
454.42
346.28
650.84
1627.72
429.22
281.68
335.55
455.99
1013.06
536.72
422.21
465.04
843.35
511.12
251.62
2581.27
1224.03
300.58
874.5
6555.82
446.64
181.01
532.84
528.09
1165.73
486.32
279.95
4234.12
685.51
125.49
493.04
746.04
42586.7
433.68
185.29
224.99
783.13
296.96
618.99
446.6
335.14
264.7
326.26
243.65
282.41
479.53
685.21
354.31
444.04
607.78
800.14
332.97
418.74
407.06
1125.82
477.76
350.75
582.84
429.19
1621.59
1078.11
412.94
312
857.81
569.8
380.75
853.75
275.15
1526.8
778.19
364.36
2376.71
1173.86
461
997.54
352.01
1431.56
556.17
510.07
2227.85
696.95
379.34
1445.82
550.79
433.3
335.3
546.66
474.25
567.57
1304.65
789.59
445.37
785.35
420.11
1183.02
219.11
807.68
169.56
290.13
1538.29
209.86
675.72
172.75
742.46
480.52
732.78
888.83
603.29
152.79
640.66
450.41
405.24
595.13
110.81
1213.56
868.36
388.63
660.35
278.51
971.61
488.89
255.53
1153.37
325.92
835.05
478.95
435.05
762.56
618.43
678.65
387.77
145.48
228.69
406.19
770.09
344.19
1089.01
1409.84
862.42
1178.7
884.79
198.13
340.68
637.16
2656.65
3748.72
564.96
547.56
178.37
1114.01
550.63
511.9
156.76
192.77
406.57
1590.86
957.9
146.43
1048.51
1388.51
389.9
230
685.34
1235.89
1574.21
544.51
407.83
345.08
780.8
1765.02
318.04
2287.52
1276.39
907.03
416.77
350.96
395.43
579.74
2081.8
1099.68
393.29
1146.94
2799.77
674.4
997.7
243.5
1561.07
538.98
540.27
363.14
225.47
519.51
1468.46
385.16
13011.5
479.33
563.41
645.72
421.43
262.22
190.15
364.09
207.4
6406.7
22504.5
126.06
1452.07
218.99
348.56
268.13
449.56
585.2
383.59
851.94
456.37
405.16
1929.83
413.74
1440.77
1392.15
328.73
389.42
1630.13
340.08
179.86
416.47
287.88
459.86
453.04
496.55
339.63
915.47
1051.44
1050.19
362.72
768.93
532.29
1082.25
1016.47
502.86
171.95
685.66
803.58
1142.35
728.72
453.51
319.06
593.7
440.37
223.18
576.46
697.03
176.48
2018.69
393.01
316.57
744.34
299.28
541.28
416.69
589.54
361.48
388.55
1037.78
649.5
205.21
633.86
251.6
1776.88
277.98
747.66
423.35
394.4
172.57
1750.49
333.57
1289.82
399.58
783.77
546.54
654.18
488.69
1297.07
557.46
1630.64
468.82
1053.84
1756.35
828.93
637.89
262.94
554.03
405.31
564.48
407.87
420.05
730.72
469.18
336.02
520.5
468.18
175.85
610.65
261.89
439.11
287.61
914.42
267.57
300.53
452.98
470.54
988.22
171.08
2991.43
1194.11
236.95
782.93
423.68
2497.49
1002.3
832.66
97.72
599.87
199.21
160.02
2005.49
1247.28
272.22
880.94
222.28
536.53
1110.15
536.7
2058.66
554.07
618.64
1743.2
686.95
715.67
722.19
332.67
528.77
323.91
262.75
192.96
419.75
411.77
212.08
194.77
836.53
766.69
860.18
839.84
503.16
1726.02
410.53
381.04
239.23
2185.91
1219.73
2181.56
74.64
759.17
673.13
504.99
356.78
653.89
1606.12
557.92
476.26
511.2
2010.09
504.51
539.7
737.38
470.06
201.61
214.66
397.14
420.02
1775.08
1371.44
3388.93
261.24
238.38
450.25
170.77
1251.57
811.82
855.37
1740.67
1059.15
245.74
395.75
1176.34
1200.52
381.32
367.18
327.73
180.12
335.67
6427.8
407.46
310.51
213.42
580.51
386.68
1372.25
371.19
1018.52
303.34
356.77
1399.57
229.12
277.42
1193.51
1384.98
420.49
1181.28
618.58
937.69
1006.13
425.57
378.6
923.27
2236.24
625.18
432.47
757.28
277.81
578.22
282.68
694.79
368.07
482.97
385.95
584.21
422.11
751.91
200.03
1453.91
195.58
8283.51
283.62
1278.45
329.8
205.43
952.48
512.77
317.84
895.94
639.68
215.79
250.27
386.65
1248.86
160.2
337.7
923.65
1597.36
5063.43
471.17
480.49
930.74
207.27
196.03
371.2
258.45
489.79
482.72
489.23
6041.09
1801.44
429.61
2898.57
431.65
877.87
1369.04
705.93
183.53
636
725.45
240.08
654.98
2211.31
1204.52
213.25
697.87
217.83
528.97
564.09
1624.97
802.4
1058.51
848.95
210.78
192.7
956.04
1540.68
1378.09
238.13
129.19
793.91
401.52
3555.43
209
463.1
229.86
540.51
794.56
197.06
399.15
118.4
1898.68
199.45
599.15
365.09
804.82
253.97
1707.41
190.33
318.79
3069.51
473.11
436.74
419.96
1233.37
1344.97
324.15
337.4
420.48
765.54
122.08
821.75
524.72
146.91
727.97
324.1
763.31
380.27
1200.09
633.84
362.45
2606.46
330.26
239.36
749.38
155.25
470.93
558.5
3180.13
532.75
726.46
325.35
483.22
404.46
179.42
4742.59
572.58
666.58
1239.06
622.09
477.06
258.51
552.13
450.48
272.06
627.72
1422.64
1552.77
294.93
418.01
1457.96
466.71
1036.56
593.61
231.83
412.42
241.49
357.02
221.5
698.97
327
360.49
801.94
755.69
482.85
2485.53
216.79
491.9
669.14
483.95
355.48
495.52
228.26
440.93
347.23
552.47
1099.79
464.81
400.91
1031.85
546.93
229.15
494.01
591.87
534.9
823.78
887.49
252.29
2300.58
494.62
580.34
1102.95
516.75
494.75
336.79
366.93
389.02
396.9
1178.46
869.79
642.26
1263.34
641.55
251.36
911.25
160.44
466.69
476.21
378.93
266.4
921.28
215.47
567.16
562.19
925.27
472.23
416.53
296.02
316.89
355.91
451.44
866.6
277.96
836.71
202.25
360.44
858.43
316.72
331.92
1757.61
345.14
264.37
187.63
314.66
254.2
497.18
897.17
302.28
285.17
3692.49
343.84
428.16
457
274.24
1912.75
281.05
306.33
1242.67
192.01
688.21
330.78
630.43
911.98
881.76
1587.04
1143.85
812.5
458.28
335.6
940.05
562.32
1078.08
964.19
439.43
485.49
219.46
338.91
305.37
384.92
454.99
1076.88
1220.58
538.86
764.29
452.38
659.88
396.81
298.7
679.31
818.25
874.85
304.57
317.99
218.95
1342.45
232.89
636.56
1000.47
1255.46
271.98
940.45
524.29
389.48
4133.36
521.17
640.73
715.69
259.4
1717.27
319.87
934.37
248.13
479.23
1160.61
929.01
540.97
1563.73
555.34
762.89
697.47
479.32
963.74
402.08
1451.11
598.92
346.52
318.23
436.69
394.46
494.6
629.13
487
702.98
1189.59
572.12
463.81
1232.95
392.08
461.4
259.22
463.12
1206.49
402.3
1005.28
5782.46
804.74
1043.73
236.21
772.22
274.23
375.96
5074.62
350.58
386.8
458.16
1623.36
298.57
1159.69
259.18
439.92
1622.64
607.23
467.81
7653.05
525.25
486.05
378.68
388.67
263.73
451.5
541.96
876.83
861.2
2038.13
279.26
290.02
1973.45
840.87
442.08
464.96
857.85
527.61
1770.02
1258.47
1354.23
587.35
756.13
439.12
459.08
474.43
2739.68
239.19
117.62
3708.03
335.49
1051.53
634.29
1973.96
301.93
427.33
510.13
755.86
918.76
811.65
413.75
2177.09
349.69
406.21
964.1
245.71
2840.59
424.87
431.79
1473.32
331.14
500.92
2314.77
1197.42
1155.91
461.07
413.77
408.97
581.35
165.66
789.31
615.63
469.17
331.28
393.97
621.41
542.97
329.85
719.43
136.51
576.3
521.24
143.24
1149.66
454.7
2041.92
343.07
1174.28
407.01
879.96
533.07
884.65
540.86
297.8
427.09
192.59
625.75
216.79
6348.31
514.51
1212.55
5001.59
664.52
588.11
773.3
1426.38
355.88
236.11
930.78
1953.74
226.48
915.49
775.34
248.24
634.63
385.62
619.24
292.33
8919.98
365.42
404.2
349.26
843.18
372.14
819.65
818.09
339
331.13
2055.39
189.6
307.96
538.85
590.23
712.48
1997.44
528.83
494.45
497.58
2516.37
405.42
319.42
416.98
414.94
172.95
376.5
335.3
156.81
568.87
484.5
1164.96
315.72
476.53
419.56
144.98
319.71
302.11
497.33
179.74
667.79
949.55
648.16
2300.11
166.76
171.02
201.47
720.99
316.23
231.71
604.18
308.86
462.44
236.99
872.44
275.13
1291.28
765.39
8424.14
568.51
1645.85
913.39
481.33
664.63
628.15
205.35
16269.8
388.02
614.58
892.52
285.05
238.43
994.87
664.55
463.13
649.21
2018.43
1857.21
519.6
367.58
347.93
1233.51
853.85
532.12
413.45
559.27
1299.11
319.21
721.44
749.61
851.55
415.17
482.71
2653.7
633.34
1163.27
574.04
174.71
824.25
3042.64
582.06
363.85
1153.47
688.4
1513.28
454.62
912.45
618.4
820.33
275.18
389.23
383.87
696.48
860.06
282.87
1926.05
869.98
397.61
260.42
1605.4
499.27
770.8
281.75
480.75
353.75
1042.32
732.71
374.96
1153.22
418.63
1815.23
521.45
787.03
692.31
973.39
1953.15
1430.62
2209.06
636.91
750.85
258.81
1365.75
969.78
688.43
622.63
382.32
751.1
558.22
1612.99
4441.91
1364.81
478.19
283.42
471.56
190.51
3479.16
679.96
2055.84
6309.15
318.57
187.13
1979.34
310.7
552.41
1174.52
315.8
4364.06
645.99
2801.18
1045.85
569.91
1436.23
607.97
1215.57
670.09
900.73
2150.81
1329.48
4052.39
409.63
335.83
645.77
138.12
190.21
1157.39
1057.88
454.77
269.07
145.9
1037.01
809.04
145.96
306.01
1312.07
399.67
828.71
367.12
670.3
213.38
235.25
418.33
278.26
412.43
290.3
230.67
549.45
178.34
170.65
1007.21
648.86
670.81
369.75
606.59
913.77
1236.89
803.24
751.69
1322.1
2025.92
359.55
568.19
222.37
3332.51
264.61
352.2
1176.37
1754.05
442.34
544.21
288.04
569.34
796.56
269.69
1900.25
613.63
288.1
545.24
593.16
1247.87
798
739.26
1368.24
3465.05
850.3
362.06
336.25
306.21
526.59
371.1
1932.36
275.41
310.83
490.42
340.26
916.61
916.6
341.63
446.28
611.87
641.91
3849.12
1386.7
243.88
868.13
743.76
234.18
389.66
2142.61
1053.14
564.81
854.87
405.95
390.58
491.03
237.85
1287.02
2053.92
758.34
397.07
379.13
172.81
253.61
949.53
296.18
1659.71
1041.77
1511.78
825.66
228.87
390.28
697.91
626.85
474.61
178.51
1905.55
7518.88
331.62
442.79
462.32
1687.66
920.33
377.32
506.99
537.85
327.41
153.67
419.78
925.39
255.29
542.79
1448.97
363.77
1205.45
460.2
1340.61
2364.89
1818.21
648.5
316.25
349.4
158.97
1009.34
579.04
594.9
317.63
277.72
952.43
616.37
1592.99
968.51
393.9
2292.17
203.75
604.47
909.41
1437.61
274.25
127.39
1419.9
784.97
342.51
361.21
538.08
669.03
316.96
562.97
218.86
699.79
331.63
1936.45
540.19
935.49
676.19
403.88
582.76
337.47
187.44
213.41
561.67
292.88
405.01
460.33
542.08
687.53
331.26
1208.25
586.74
526.58
570.76
319.29
267.03
416.23
1429.12
255.68
528.39
163.18
342.43
656.85
164.21
2034.96
3044.69
132.25
638.09
291.25
404.97
296.31
229.81
554.08
837.66
255.02
583.57
2019.36
485.21
263.87
2186.88
945.07
691.27
502.09
259.78
1535.55
326.41
806.1
1466.77
1037.25
937.65
432.78
403.85
352.95
265.69
2165.71
513.9
646.4
258.43
796.47
1079.58
653.62
296.2
753.88
1583.2
468.55
526.79
426.48
121.07
396.9
357.47
271.76
746.01
411.24
275.55
170.72
651.82
951.28
364.9
270.1
264.45
594.39
293.13
1553.99
316.53
1261.44
1279.25
240.42
484.81
3180.49
1854.36
1122.28
1298.16
283.3
325.83
455.74
724.35
401.19
668.99
652.75
326.66
718.2
398.09
302.22
481.98
2009.15
393.51
714.67
269.84
331.91
253.82
271.87
1018.77
374.7
396.75
1217.9
297.49
311.54
228.89
277.64
392.62
1397.01
413.05
1769.31
466.04
829.45
864.31
226.35
563.67
335.63
254.79
1137.38
535.39
333.79
2118.59
492.02
180.22
692.74
270.28
359.95
4543.23
324.07
417.18
579.02
258.27
456.57
747.3
1770.23
993.65
260.23
309.22
177.29
209.25
1544.12
235.56
452
214.37
1323.69
1369.6
100.1
486.25
366.45
1423.02
309.16
298.63
225.91
212.24
515.22
378.14
472.08
551.21
849.78
596.67
469.93
478.58
1359.16
310.59
280.3
435.88
1480.84
1095.14
263
430.35
386
914.14
1739.6
932.86
548.9
502.66
330.18
829.81
546.3
327.58
445.76
1528.59
262.65
737.83
551.5
516.81
530.71
207.95
703.6
1342.26
988.88
693.69
1778.65
464.19
1194.95
1663.27
240.76
295.88
419.12
474.31
649.32
215.4
1701.47
468.96
729.12
1621.45
659.69
243.97
1339.84
1473.57
232.61
179.53
325.57
604.25
408.95
298.54
1223.49
383.23
1514.74
292.5
346.05
620.71
251.9
312.42
413.18
260.73
326.41
542.87
393.36
412.61
1022.42
1208.88
448.11
708.83
373.44
351.15
568.72
834.34
684.29
568.05
2206.29
619.78
253.64
636.94
132.28
555.61
423.27
6649.28
307.09
926.54
965.59
222.84
633.67
249.39
539.36
453.6
775.02
693.83
262.33
1276.6
183.96
329.93
583.85
298.87
329.13
172.21
420.1
412.06
936.04
1697.13
687.41
404.69
324.68
383.19
446.7
461.35
238.34
599.12
256.91
1667.24
4866.51
144.22
550.04
595.34
1258.19
1915.48
58811.7
200.78
2107.32
133.12
1167.91
337.02
354.42
335.32
884.94
199.52
290.01
1491.6
590.47
302.08
549.17
398.84
183.54
545.74
371.55
360.19
909.85
677.16
596.12
785.14
923.79
250.34
569.36
857.94
589.97
928.37
383.69
220.64
1139.68
1917.04
802.16
363.22
231.79
918.6
297.37
249.1
610.05
507.74
1381.86
213.2
257.82
536.85
633.82
218.07
735.81
302.17
354.64
488.01
516.04
228.16
442.66
676.39
294.09
651.07
393.79
366.71
658
2202.81
487.69
562.04
311.2
291.88
360.63
603.07
199.67
690.85
1223.43
1356.69
857.6
145.27
3876.24
351.62
1208.76
231.8
1626.4
1003.99
978.34
233.44
297.61
225.57
239.01
140.78
5785.58
898.74
3256.04
2945.46
665.85
500.18
386.74
676.47
221.37
1195.87
304.67
189.38
487.35
122.54
2144.3
290.89
2595.06
695.64
4044.71
1595.99
287.53
1057.48
358.52
1110.37
431.06
562.96
1432.04
454.77
369.94
438.8
316.95
486.67
908.34
193.48
5051.24
1197.51
1263.74
4768.87
532.82
486.71
2049.84
855.69
628.25
242.24
733.84
208.76
270.8
4168.25
1750.66
262.24
351.04
680.76
2489.54
741.25
187.42
317.84
463.51
1209.53
614.65
526.01
3915
351.91
3650.17
656.02
194.58
687.17
3492.63
406.06
397.63
513.07
1551.05
418.5
648.59
5029.73
369.15
490
211.03
711.23
762.23
968.03
727.72
655.04
614.32
1919.99
1693.61
5265.08
373.43
528.49
767.12
321.79
227.26
1576.26
577.46
1009.38
1430.42
1207.75
371.61
238.17
914.48
590.83
369.45
171.71
447.88
182.74
451.2
189.54
285.68
350.6
450.92
452.24
541.38
2216.35
273.83
494.11
6190.95
361.5
3040.47
196.22
125.24
575.64
472.93
289.53
1934.89
307.5
397.62
485.18
1357.6
278.97
461.65
578.68
250.15
532.56
251.94
875.74
555.2
1148.84
631.31
423.54
422.53
1037.56
3618.21
268.03
439.43
275.99
316.6
451.83
233.2
421.37
815.61
3755.07
676.5
847.73
286.05
314.61
905.92
1283.53
438.75
598.61
516.32
300.64
3612.41
489.08
419.38
558.69
269.9
353.78
48931.7
1488.06
452.43
1263.55
327.01
1574.14
2070.52
235.48
299.67
662.44
681.32
1678.59
585.09
371.53
411.74
3131.81
610.27
627.27
453.41
318.26
1951.01
572.38
299.67
460
310.25
373.53
424.05
747.55
575.21
375.42
358.58
404.47
562.53
7839.81
902.41
43921.1
363.91
489.97
2158.82
535.47
484.05
748.59
621.67
925.6
580.39
457.64
719.22
723.44
466.22
1348.56
686.01
360.85
1296.57
259.05
322.27
483.77
832.71
161.72
1016.19
392.06
3188.28
213.96
552.91
198.11
2769.47
587.76
1766.61
917.51
652.06
17800.4
709.15
2000.45
852.34
337.54
682.49
2918.29
356.26
1605.95
442.05
693.78
664.84
1059.65
292.97
360.75
479.49
265.74
711.11
357.36
866.32
820.85
606.02
424.8
3591.99
1333.03
407.04
1664.84
613.98
288
747.16
1770.36
475.44
437.63
648.84
891.21
885.74
193.4
352.24
450.1
715.85
284.29
513.48
584.29
631.6
704.87
734.32
655.03
649.87
269.93
282.7
3012.91
892.36
1139.54
1459.64
258.09
495.23
155.32
224.36
463.46
435.27
627.88
465.46
194.84
891.67
1573.41
797.43
193.41
355.29
1907.1
1303
436.33
540.64
174.11
702.91
420.66
875.68
1088.82
173.42
1730.8
350.2
1346.58
237.21
612.34
2267.15
431.87
403.13
783.91
397.54
416.15
1730.81
585.04
272.03
465.38
778.14
471.98
399.56
1091.55
475.56
342.18
417.34
641.53
1259.58
353.24
454.22
714.7
163.39
212.95
358.61
1368.44
524.37
248.25
503.52
829.43
603.71
554.77
997.44
640.29
766.16
1097.15
154.14
1796.3
221.77
160.95
351.79
437.19
410.01
530.12
683.36
2266.53
255.6
1424.31
725.51
150.68
326.46
843.24
813.64
769.03
573.17
964.66
2197.13
155.02
413.62
399.59
1846.46
281.68
263.97
379.49
368.45
1067.68
647.79
382.82
1214.37
811.56
225.05
278.47
243.01
729.79
380.88
756.96
698.67
2863.55
723.05
245.16
325.45
812.91
1165.2
771
956.71
726.54
153.89
614.4
650.1
1112.37
615.63
377.44
1088.42
209.92
601.44
531.4
788.54
231.52
778.18
457.48
275.15
139.7
344.93
388.79
774.89
531.94
504.6
508.35
1187.41
357.69
929.37
4041.57
654.25
349.46
1559.34
437.97
332.03
255.07
818.44
905.01
398.51
225.32
326.1
176.22
458.15
293.08
444.22
493.08
1396.23
242.8
280.57
340.95
350.7
1683.9
348.16
676.87
1549.18
375.85
420.4
894.97
164.91
489.28
815.62
259.54
396.9
954.21
318.89
432.77
501.87
752.91
470.5
107.49
528.81
476.12
311.2
470.05
232.52
475.33
651.59
493.15
15572.7
1059.49
186.14
934.4
295.6
222.62
861.22
1526.84
199.92
606.98
547.15
239.33
1119.45
694
550.31
554.46
778.52
213.97
441.14
1301.87
410.62
228.5
665.14
792.92
707.31
574.64
289.78
546.46
745.27
687.34
631.07
409.1
1205.73
820.05
628.1
1009.61
240.44
378.81
223.21
2625.48
176.51
1962.61
587.53
1050.19
419.67
148.85
683.83
1140.74
474.79
389.01
419.88
338.81
1799.99
771.89
248.94
226.77
295.95
683.61
5110.81
554.08
388.27
472.42
818.59
1461.18
455.74
705.44
982.87
207.11
307.49
395.74
2423.42
367.63
419.56
1094.68
404.89
482.96
1207.31
156.11
757.77
411.16
520.57
223.65
723.67
422.27
976.83
617.43
468.33
1083.26
698.99
286.01
828.94
694.27
192.54
372.19
261.84
825.79
213.92
924.99
587.09
568.78
200.8
148.72
1554.92
544.85
448.82
649.2
4098.31
139.71
430.55
280.75
3836.05
1382.82
421.39
727.95
4547.83
244.87
380.53
569.15
653.3
449.19
209.11
617.84
704.66
421.78
884.83
486.47
1535.82
718.28
600.85
170.7
727.87
464.16
893.58
272.29
3139.87
710.7
210.27
573.56
523.82
328.46
210.54
906.87
964.97
4328.28
262.94
547.31
848.53
267.29
640.1
271.32
1377.77
696.91
609.89
368.53
212.13
1967.93
3095.5
448.94
579.97
507.88
365.03
494.4
2841.95
299.41
1750.79
573.27
588.56
610.62
183.85
2471.16
513.58
279.03
447.61
603.46
173.39
449.05
2921.3
804.95
790.21
1422.54
988.51
257.3
532.69
1741.78
373.28
2040.86
882.02
846.68
1572.66
1199.14
1101.79
1001.95
234.51
3922.65
491.32
230.64
102.01
401.86
439.06
1376.12
260.2
228.36
1541.56
269.23
452.39
462.78
705.22
312.07
359.01
3758.31
266.31
218.97
539.03
318.36
772.58
4349.02
681.48
598.05
899.49
160.98
285.8
375.8
518.27
544.19
632.21
874.46
998.79
831.08
959.19
238.05
475.99
1407.57
420.05
554.49
754.48
1591.11
305.91
453.96
1191.43
671.83
289.91
1295.79
437.88
243.06
433.28
364.05
436.7
970.54
1208
209.03
338.21
266.89
288.89
1028.18
489.91
765.8
249.17
226.18
224.47
506.07
940.24
404.47
205.8
996.58
424
1861.79
791.34
314.32
466.59
248.07
147.81
1016.23
1768.12
1659.35
666.11
738.05
361.62
416.99
553.58
7283.34
424.71
902.6
725.79
1186.99
507.86
854.59
607.8
960.62
627.14
265.19
230.89
2312.9
201.55
269.96
183.75
604.73
724.09
480.81
421.46
312.2
1186.86
203.65
818.12
584.3
809.13
516.39
353.5
543.93
187.5
419.09
2156.3
749.42
1892.68
519.2
647.83
581.66
1366.33
286.75
1157.31
344.99
603.52
571.01
1024.79
358.45
1030.17
272.01
2513.28
453.11
220.67
864.39
965.76
1208.92
274.07
220.76
455.13
1623.21
478.59
570.08
590.83
3691.4
1046.91
404.92
541.96
498.47
652.42
742.74
213.44
1735.4
213.2
545.66
285.16
1026.2
2418.75
596.22
506.49
616.67
485.91
587.37
552.88
503.07
326.4
423.43
526.28
630.9
728
506.24
1893.1
705.69
830.94
437.28
1013.25
529.2
647.81
129.03
318.49
566.86
3474.57
423.64
295.63
357.52
593.44
986.94
806.21
1173.08
512.31
524.59
561.79
297.54
293.98
2868.12
536.21
737.54
1898.53
723.57
750.54
924.36
523.04
583.52
171.01
1562.96
5214.27
228.52
651.31
402.54
720.22
1014.27
600.34
778.38
1372.06
948.56
541.76
501.82
280.44
470.26
1191.35
538.61
614.18
579.47
611.01
340.76
651.1
457.08
560.94
1543.13
354.66
691.33
327.19
287.95
797.16
585.1
874.6
510.88
586.87
3541.49
1291.1
1285.35
254.47
2279.27
559.38
1800.61
885.72
293.89
749.49
1065.51
2788.97
340.72
180.33
546.26
1073.7
447.75
342.81
312.16
477.63
246.29
2532.76
361.1
566.56
680.28
633.74
543.68
3122.13
169.23
2306.59
266.92
372.14
557.97
542.18
785.34
1039.37
871.42
422.38
1764.34
767.77
429.52
422.64
506.07
395.52
1007.42
1932.14
659
684.69
472.93
336.08
634.16
376.95
706.57
726.35
1024.25
1252.75
648.83
487.9
811.59
926.27
335.03
1582.49
402.13
446.75
802.41
878.14
276.37
1225.37
307.07
169.72
579.19
506.38
1207.49
539.5
812.97
1378.42
3915.34
1381.75
196.78
497.78
212.9
515.29
935.91
2944.67
346.37
618.59
327.68
354.11
127.25
753.62
1297.22
549.11
1403.18
637.52
8004.77
412.91
1379.99
225.87
1572.21
825.07
382.7
249.1
509.93
212.74
591.58
822.77
683.51
1124.12
903.12
268.37
245.4
205.17
398.33
301.03
957
393.6
287.58
293.91
459.9
534.85
250.46
457.57
789.3
453.88
653.85
2464.77
948.43
1168.7
2084.9
1556.13
566.27
349.43
1550.21
686.66
1545.1
164.72
3202.89
616.49
959.51
415.69
345.85
478.11
245.27
267.98
379.19
740.69
1212.05
21132.1
233.78
762.11
576.36
1781.5
919.06
531.18
1839.13
741.34
224
166.01
664.28
4338.5
213.22
245.22
750.72
704.53
802.13
240.69
1045.43
802.1
206.79
446.86
266.34
410.39
1808.82
830.08
737.13
791.73
307.74
242.21
360.82
586.88
1595.01
837.47
422.75
1872.19
397.8
971.33
668.98
368.88
11410.8
315.99
181.68
914.35
261.26
434.83
528.73
2854.07
585.9
505.25
343.97
2787.27
560.02
309.02
1392.64
255.13
2428.33
489.93
476.39
497.04
1053.2
571.45
669.78
1429.33
612.35
465.2
637.77
1922.77
357.79
329.38
635.15
490.38
2028.2
180.57
237.44
422.05
418.17
416.58
256.17
335.31
1383.29
685.52
158.61
301.11
360.8
295.05
378.68
375.99
273.47
673.42
381.8
495.59
1381.7
417.94
705.76
210.22
277.16
394.07
778.12
148.33
246.36
1159.28
764.71
1471.02
219.73
426.29
914.64
1850.38
612.88
377.29
964.74
224.29
823.24
258.88
432.86
270.25
469.64
375.63
860.16
504.53
1512.74
192.56
466.8
383.94
371.11
1142.21
330.07
585.76
253.42
522.5
631.76
1749.99
2081.33
544.99
233.92
1325.07
190.92
701.84
535.97
491.97
265.69
582.23
1521.34
456.84
744.38
971.47
132.38
474.48
431.75
1006.61
308.91
395.35
510.09
4613.49
801.21
477.41
761.83
508.65
211.13
727.06
674.55
172.83
424.27
467.27
524.14
2904.77
205.2
549.31
564.65
749.71
603.01
1156.6
673.57
475.58
540.76
269.18
624.64
739.88
309.81
923.44
315.19
247.22
210.56
314.75
254.62
423.79
235.35
481.66
479.8
389.96
681.67
293.17
2120.04
684.44
290.1
473.5
1701.56
1421.5
2936.16
711.15
422.14
368.04
1795.35
258.82
444.79
1086.13
788.29
622.98
221.14
593.27
3471.14
378.09
246.29
181.73
362.81
471.95
1223.84
756.57
1840.03
661.81
421.08
646.33
410.57
279.06
249.37
1238.83
859.66
895.23
363.41
291.85
405.91
863.49
1256.33
376.41
269.15
218.68
193.34
3896.79
608.64
146.09
605.75
133.55
414.19
576.02
907.03
363.22
646.92
736.18
866.02
876.6
260.65
224.92
1561.01
584.36
430.41
406.89
369.71
293.11
246.09
354.47
541.53
201.79
135.68
1178.54
1348.83
309.54
1224.14
836.36
211.04
731.31
146.21
521.39
360.57
1126.35
725.31
183.33
557.19
758.52
656.46
970.83
687.65
530.02
509.55
206.58
417.97
790.89
415.28
714.48
415.82
1069.55
850.32
1182.5
659.99
378.91
461.61
256.11
150.4
526.77
202.71
417.97
358.55
243.21
592.91
1020.11
2436.2
287.82
544.58
270.18
794.67
152.38
176.76
269.49
293.01
1312.24
1285.84
957.77
457.01
1945.07
518.93
279.71
225.17
209.01
1396.52
248.39
396.03
420.52
732.95
723.89
150.08
1289.81
576.16
1054.53
190.77
161.94
484.9
460.18
495.4
7711.28
623.37
546.67
446.36
1187.66
252.67
284.57
1249.1
50711.4
1191.32
964.55
3684.95
331.13
198.15
323.98
2784.51
404.73
261.67
653.13
1085.27
840.85
349.76
682.99
472.77
194.9
901.6
205.75
212.65
327.84
196.99
1462.17
338.17
5107.52
195.47
2310.7
147.39
786.33
948.85
668.23
815.63
301.51
3148.57
439.35
1770.96
438.61
5930.61
245.44
2059.52
364.1
1861.16
270.33
324.35
211.37
198.55
1010.34
571.24
252.44
273.91
139.96
441.54
299.1
318.97
293.59
560.21
808.39
405.22
853.92
506.36
632.81
171.89
764.91
700.45
185.18
364.95
773.26
464.14
1205.62
544.1
189.18
481.64
395.21
524.53
639.91
1362.37
901.41
894.03
1060.43
201.17
565.65
480.3
593.91
436.04
511.35
623.1
5499.37
732.63
364.06
217.75
132.68
170.85
393.43
2953.65
1281.75
648.92
294.56
285.64
1255.29
593.02
872.12
143.83
489.92
431.59
315.22
327.27
204.29
476.3
491.33
350.7
557.33
633.81
205.04
976.71
262.41
293.15
2526.88
483.33
155.4
1007.62
173.72
1132.71
718.81
904.76
578.24
390.11
263.45
291.97
629.8
154.99
989
413.76
680.98
353.33
1713.07
305.44
412.03
902.28
1541.05
522.02
3219.3
371.87
1343.85
1297.74
1811.79
445.76
386.98
402.74
269.03
1018.93
1523.02
552.98
591.4
816.91
412.51
509.59
2538.28
12223
690.56
1066.12
288.97
243.24
490.54
1904.24
395.1
636.98
409.8
1429.97
303.24
790.07
271.95
213.4
1227.01
1264.31
922.24
396.68
729.55
179.59
1246.4
509.08
1292.87
739.33
925.33
422.56
1065.19
270.73
228.27
383
1105.09
14393.4
690.13
1024.04
279.18
778.58
349.72
290.6
504.58
228.78
3164.11
213.63
2704.97
181.43
541.87
270.91
400.64
491.42
148.45
284.49
360.01
911.41
2769.65
1266.52
248.97
2584.21
549.82
460.12
781.44
2453.4
169.63
192.41
707.16
113.58
344.93
595.27
112.17
703.51
3360.65
1037.68
264.25
579.72
281.08
292.03
421.03
512.97
163.25
508.16
942.73
763.14
1145.5
804.57
633.99
791.6
410.26
6305.69
258.51
3541.49
530.16
2137.67
797.35
562.4
700.44
228.42
407.62
585.6
287.99
136.75
303.31
347.14
476.04
593.74
1877.15
395.18
756.82
372.75
532.43
285.91
530.91
250.12
396.3
397.53
248.06
488.77
320.95
1012.69
605.09
792.66
280.92
671.3
236.9
238.21
610.05
704.41
147.28
210.14
479.21
251.95
1726.53
626.04
335.68
567.57
704.95
382.82
5378.69
757.74
432.87
246.49
428.92
267.26
567.99
377.53
179.61
848.9
267.47
2986.12
337.33
846.37
151.41
265.13
269.6
487.61
359.57
1577.38
1518.97
263.41
991.77
267.48
734.81
862.38
514.32
498.03
256.49
336.2
285.09
660.53
1011.04
275.72
658.9
3281.75
598.13
388.66
629.54
285.84
12743.5
413.09
1749.75
694.05
400.59
1503.91
169.13
451.08
480.14
155.94
408.22
637.87
194.59
256.45
188.81
626.06
519.33
207.85
1060.44
2128.8
908.06
1434.7
371.28
830.74
579.84
388.94
1550.73
255.08
635.32
573.74
398.86
270.78
115
2499.93
2878.75
506.15
499.17
186.77
362.94
185.37
235.29
325.4
529.13
451.1
257.25
261.33
447.74
1351.03
1446.61
246.95
966.45
580.67
411.54
1269.86
190.57
476.29
262.9
286.89
680.53
843.01
455.83
574.93
331
505.07
828.12
343.81
554.09
2291.62
290.4
210.66
723.15
760.5
633.48
722.29
1844.86
639.95
346.26
658.33
559.32
597.36
467.49
2993.88
447.36
844.32
826.51
286.67
638.25
284.13
932.3
861.14
423.97
324.76
165.04
796.49
705.7
909.11
1796.6
1441.12
509.11
786.98
17202.4
287.78
202.48
859.91
470.49
297.06
603.21
1922.14
809.29
528.43
744.9
682.85
516.03
268.94
312.4
538.76
318.01
189.9
483.15
302.22
788.76
273.59
843
1122.04
891.12
399.88
955.72
883.09
1468.8
221.42
293.13
402.26
383.03
1256.78
482.87
692.72
421.42
233.19
299.62
1169.05
1375.54
1486.97
143.51
1322.89
218.07
853.96
233
737.62
1260.05
1958
622.17
367.01
395.27
223.94
615.94
430.05
1683.22
248.33
691.5
657.75
1760.04
898.94
679.67
312.15
250.27
267.93
459.14
966.52
149.8
398.07
468.34
506.89
504.31
1833.01
5483.48
285.51
268.04
579.6
230.83
254.3
765.98
432.08
308.7
403.22
146.6
620.87
529.81
3075.16
180.4
511.85
498.04
334.64
1495.33
1229.3
1533.93
1336.36
222.53
329.58
530.26
622.7
2588.58
3228.1
143.32
287.08
307.62
1023.54
264.91
182.86
387.02
334.38
393.25
318.37
697.88
382.37
1658.55
306.45
237.53
896.74
250.37
374.83
655.51
633.84
483.65
322.92
312.49
645.34
1029.09
584.23
490.14
1779.78
551.47
654.65
373.55
2258.75
142.03
588.48
176.13
651.76
258.09
3312.23
189.34
165.98
1404.31
1079.14
505.52
395.54
3746.61
371.56
225.58
368.94
1126.02
230.99
378.81
594.51
187.73
491.28
421.69
813.61
745.48
777.94
342.95
397.01
830.24
287.05
460.77
784.48
2255.65
346.49
449.1
212.8
321.03
203.58
1943.51
266.46
340.88
214.37
241.28
1102.87
4360.3
443.55
312.75
363.15
351.07
200.19
1623.69
720.41
301.06
316.85
1017.27
6753.88
360.07
258.19
277.11
357.54
603.9
354.62
402.33
1263.92
119.4
503.53
484.74
285.04
291.86
236.69
1214.09
1107.9
199.58
1373.01
356.64
1691.1
413.59
818.76
980.75
1018.93
826.07
5654.79
785.7
389.34
522.42
400.67
1201.8
1169.06
467.16
820.6
290.19
297.05
1713.76
1220.49
137.03
1071.46
390.4
577.57
430.24
839.7
555.6
1221.05
228.27
1976.63
363.93
1675.16
1019.3
206.71
531.59
184.48
551.99
613.35
458.09
470.35
1834.51
640.16
321.08
849.62
363
137.57
711.53
1000.88
460.45
333.43
177.6
146.99
340.94
492.68
1744.49
411.8
888.44
345
1475.71
1527.99
315.89
424.44
194.9
188.27
1118.69
560.53
200.33
549.17
442.53
2954.91
720.18
389.01
262.04
587.91
1311.85
700.1
206.99
629
254.68
1371.49
578.56
233.49
309.25
327.39
370.71
204.66
214.66
983.75
878.61
236.04
229.15
362.72
2872.82
1813.22
290.26
434.52
4426.4
993.33
354.01
291.22
236.34
164.96
609.47
499.27
353.78
668.25
358.35
246.17
661.98
367.86
562.01
786.39
350.27
290.34
457.4
479.02
1426.12
441.63
452.66
282.85
273.78
918.38
152.82
449.03
520.79
1913.81
4486.9
1056.32
837.95
673.34
714.7
228.84
364.12
1473.05
312.18
775.21
309.78
277.12
698.87
666.46
395.5
398.71
1337.64
389.54
416.48
158.01
704.62
1432.54
619.03
781.64
479.67
146.28
792.64
643.7
195.8
1413.17
603.05
751.34
371.16
299.49
1764.05
419.85
623.95
323.48
634.39
1178.78
209.47
702.18
1840.69
543.24
814.88
619.24
1114.76
244.77
17730
651.42
985.31
290.5
4324.4
681.61
359.14
550.42
583.12
752.12
478.81
639.74
716.88
347.02
289.75
1400.11
3384.42
152.01
206.02
539.41
555.25
1264.68
148.66
210.82
587.56
229.99
329.61
883.57
3746.12
729.17
2395.9
473.49
469.04
492.1
765.84
1113.67
227.72
474.44
856.46
476.35
862.91
419.42
329.98
710.61
187.05
198.75
274.61
211.4
703.59
278.2
766.07
743.32
1907.57
2511.4
1298.46
359.39
329.25
598.97
1255.48
353.34
328.07
294.33
372.31
289.14
156.77
223.17
625.18
2094.26
349.89
284.06
3037.25
654.6
1614.42
226.6
580.98
906.34
289.76
271.88
943.45
1530.25
580.73
709.91
1670.67
528.09
1196.48
577.79
222.07
183.82
275.62
999.97
2239.19
151.67
489.12
535.79
511.61
577.83
581.63
249.89
1210.72
487.81
1138.3
619.87
303.5
567.12
695.33
1095.27
1024.47
424.59
386.51
513.57
623.25
217.51
632.15
3772.15
716.39
1221.56
222.82
732.47
435.65
1176.81
2801.11
1470.77
315.55
544.56
343.89
1615.93
702.87
660.06
629.39
578.11
982.9
914.78
191.25
148.92
304.25
524.99
510.56
418.51
570.73
1011.36
1952.01
265.82
801.7
453.34
848.74
635.2
224.93
945.77
343.36
317.58
469.41
479.91
454.09
757.14
345.13
882.54
322.27
508.77
475.72
236.75
1192.62
348.92
585.41
468.62
2118.9
545.29
618.31
1042.06
1443.5
1301.79
360.81
850.72
499.93
792.5
3157.14
1098.11
681.33
811.25
1305.23
456.76
626.33
1779.11
590.54
4277.39
157.97
264.6
571.67
272.33
1204.85
303.64
364.69
1103.98
483.24
825.42
472
316.62
924.02
322.6
195.56
647.51
289.36
3281.04
89.35
855.42
449.37
504.52
650.25
376.21
168.2
527.51
1559.48
502.62
245.34
283.01
673.27
806.73
493.97
1807.88
1387.91
268.3
849.52
457.31
250.97
391.26
130.69
219.44
190.68
240.8
867.24
338.41
805.6
1488.56
282.44
1022.41
779.36
729.66
1823.55
280.09
388.21
857.43
162.44
685.68
437.72
465.84
389.71
495.99
536.33
1476.16
896.13
1258.05
1216.77
649
425.5
436.46
432.77
3028.29
247.03
1049.26
277.83
7329.11
784.98
1596.86
197.93
785.4
687.55
974.95
320.35
924.59
256.72
1093.72
301.54
685.27
967.06
561.36
325.59
404.05
903.97
575.42
141.09
334.68
989.68
587.73
842.27
216.15
1254.76
442.18
296.57
534.73
8062.06
774.33
383.78
297.8
1954.49
3493.31
613.72
1903.32
2851.91
400.27
337.72
129.05
487.92
453.15
358.04
176.28
157.41
291.16
1132.26
1168.01
1007.15
624.14
6263.31
97.96
1128.79
269.5
986.59
461.08
4147.73
214.28
716.11
287.36
1077.34
787.88
528.95
2329.46
512.2
580.61
827.54
430
693.09
375.87
462.94
593.37
564.12
526.65
634.68
459.83
267.3
680.3
1761.41
840.96
326.1
782.08
250.2
1436.4
2672.03
736.95
1945.39
504.45
329.79
266.28
147.23
764.85
893.66
450.6
439.61
1185.68
775.37
451.95
556.56
811.96
361.49
315.5
759.1
291.66
6252.06
206.68
241.59
191.12
109.44
586.4
839.39
759.18
188.28
222.14
132.09
214.07
360.38
433.65
589.88
677.04
830.12
425.59
781.31
282.26
1423.68
2716.43
470.2
435.56
343.3
3315.96
637.96
818.19
676.23
510.26
839.19
601.36
483.65
849.28
267.88
791.69
410.03
346.31
171.22
839.85
277.72
958.75
1010.82
356.87
1003.38
382.71
280.33
993.09
209.34
394.67
921.38
1455.95
1441.76
3129.09
1017.58
917.54
613.84
371.05
5805.12
1112.67
494.33
941.87
1626.78
1431.84
1607.89
679.05
412.09
362.46
1804.53
218.73
290.47
321.56
574.66
1272.69
689
231.38
310.01
900.37
822.82
446.56
1007.4
2247.74
3272.63
1021.56
295.68
901.97
817.03
2613.39
1814.9
344.7
637
248.91
402.34
1842.89
749.45
805.28
282.61
506.28
458.43
517.36
1960.4
1941.07
622.53
256.06
509.49
1063.39
256.31
4607.84
398.29
974.37
815.69
570.83
205.58
1114.7
223.47
3947.17
1249.8
400.58
1180.65
476.67
309.74
527.8
349.45
460.19
706.94
568.19
2467.04
462.75
911.29
762.36
421.18
335.93
1873.6
2309.49
230.97
159.66
1030.15
1709.58
729.27
1851.71
250.22
414.55
580.29
644.65
630.13
335.22
384.92
368.65
253.53
912.85
484.04
455.8
911.49
348.78
600.14
320.76
1513.33
248.07
513.58
612.6
1254.85
725.5
974.8
1430.22
726.57
412.8
1333.3
1800.35
1120.67
399.65
348.96
976.64
266.38
739.94
341.19
615.8
157.98
3189.34
458.49
140.5
494.11
581.74
765.61
338.43
416.41
397.47
822.73
304.59
250.63
568.34
2092.84
271.11
542.01
406.59
1522.36
2029.09
251.85
789.79
1315.17
443.83
747.08
448.79
408.08
614.34
881.18
603.95
200.4
226.16
549.36
957.82
348.94
318.73
395.55
595.19
270.19
448.44
166.1
747.34
782.64
1288.76
309.49
1427.79
286.78
687.15
724.62
1487.68
1075.93
572.58
541.63
939.64
215.59
626.6
2054.57
496.99
775.05
314.42
1131.58
117.71
342.86
1350.59
616.24
1015.81
668.82
578.5
375.4
1551.27
1112.66
509.27
862.64
597.48
670.56
425.48
457.9
295.87
455.44
435.37
160.69
772.49
633.98
2297.21
135.02
799.17
1034.67
746.64
217.57
301.99
1945.47
677.65
1333.6
225.82
434.83
403.65
4079.99
283.27
1054.54
590.31
252.6
410.26
699.52
211.07
2285.54
1172.35
1140.72
761.79
1864.33
1418.58
485.2
440.47
161.95
784.37
986.52
1414.93
384.72
742.83
419.01
938.79
374.33
136.15
269.53
439.43
290.06
2081.37
433.43
402.06
370.47
717.72
177.67
339.18
318.91
1357.87
1465.07
248.08
4741.43
1321.1
320.93
1281.22
710.82
209.6
598.45
490.44
964.88
1427.7
672.65
285.68
1526.47
1617.72
2227.08
604.46
426.64
548.64
192.38
416.83
1132.17
325.86
3224.34
1586.51
692.18
604.67
2118.16
531.99
1074.21
225.15
1609.25
2754.79
791.52
799.67
1611.88
408.64
216
648.79
558.1
263.82
1533.79
773.22
392.66
513.33
1037.32
666.25
569.96
1235.62
1237.82
591.93
646.69
644.86
1681.01
439.7
987.44
668.83
266.81
637.81
6568.26
867.68
359.63
341.81
629.55
1165.23
425.09
320.54
166.36
532.42
725.67
1179.61
290.25
8016.72
310.22
2505.51
674.91
572.61
351.21
199.54
476.52
895.47
636.11
404.52
551.47
408.08
329.09
584
386.14
1238.47
364.3
626.7
381.93
426.58
2836.07
539.25
295.92
3425.08
271.55
315.35
1005.74
205.23
1033.8
197.84
1830.63
459.58
227.74
377.66
384.45
400.71
1121.9
1142.54
721.68
523.28
562.85
930.88
1587.49
1376.41
361.85
271.87
211.04
1748.15
607.71
575.25
1544.54
2539.03
239.9
261.8
6723.61
432.63
1071.94
373.63
402.73
953.83
168.12
236.76
829.88
216.38
1722.65
376.89
1034.82
667.59
304.62
753.43
574.22
302.16
289.47
249.63
2033.2
1497.96
752.41
225.96
365.98
593.06
568.67
2170.11
464.14
823.2
456.47
407.68
564.7
489.19
672.67
275.01
348.17
787.57
555.57
412.05
240.14
2741.09
1044.71
362.47
324.3
196.89
1081.92
710.39
335.04
341.02
480.37
542.87
745.01
1608.43
2060.51
639.79
203.35
535.57
733.23
1921.54
665.68
1100.06
426.82
425.72
674.45
219.78
410.68
1640.69
432.61
380.06
2231.63
972.37
369.17
541.75
531.42
1378.42
2977.33
258.76
278.96
274.72
1456.76
908.48
618.17
834.15
739.15
981.17
620.36
2007.73
783.03
764.09
432.22
617.18
340.29
1015.82
2339.72
493.48
719.78
1237.84
610.39
541.93
11808.9
261.23
1201.45
255.72
928.22
341.58
246.8
276.61
2469.3
1681.75
695.29
264.57
283.25
3567.02
192.22
2045.11
1048.49
296.71
450.01
773.49
376.37
179.03
1366.23
387.61
1000.48
522.99
253.62
1815.9
669.12
138.03
1149.43
1547.35
210.18
328.87
362.74
145.63
420.65
448.02
357.16
742.38
273.24
539.13
631.55
351.73
307.83
398.28
376.72
462.84
269.82
482.69
285.19
1067.78
894.86
408.18
273.48
713.56
204.38
1644.93
609.86
459.1
878.59
185.57
976.71
307.12
1000.85
171.39
527.39
202.83
460.55
954.71
442.25
272.31
2673.2
929.3
349.5
902.09
181.98
242.51
425.59
647.15
363.62
499.76
325.29
293.62
390.29
1532.22
677.84
954.73
991.81
438.45
418.89
360.43
868.69
224.11
2511.3
638.95
416.55
1523.4
574.14
279.43
338.24
254.13
216.26
526.39
268.53
927.58
1354.93
478.61
654.89
208.08
382.69
418.45
449.66
556.56
1133.55
1087.72
1580.12
465.87
639.05
245.94
789.96
720.62
598.22
1435
383.71
337.03
352.19
606.81
1041.4
340.91
1439.11
520.71
528.46
179.18
3673.87
666.58
611.62
193.19
385.32
228.27
968.14
725.3
487.61
1078.52
171.2
187.07
252.58
234.99
397.21
575.22
630.21
412.91
338.07
735.6
359.08
706.66
332.1
239.92
506.26
187.98
580.92
560.24
589.69
287.98
199.18
513.36
446.27
400.2
489.72
897.77
373.73
311.41
1353.26
222.7
374.13
1188.28
528.11
1144.1
209.03
413.2
325.3
406.58
474.99
666.93
330.08
416.43
781.09
172.89
387.71
508.23
2105.9
539.22
399.05
876.26
475.97
151.62
2807.4
138.37
672.84
2562.96
1176.98
3649.62
158.59
422.58
138.19
545.39
437.26
1350.64
323.3
587.86
299.98
804
219.84
1358.06
3496.09
716.03
362.5
412.79
110.47
1721.83
150.98
1681.18
3445.53
397.93
650.66
1958.94
1929.95
1357.61
454.18
931.46
1177.59
355.55
440.97
283.66
326.59
356.99
584.76
231.16
708.87
1087.03
703.56
4865.71
192.89
452.19
331.28
298.47
524.11
407.47
251.72
331.42
213.1
235.87
688.86
271.93
767.65
210.61
13099.4
454.19
1392.08
639.65
1168.73
383.89
464.5
452.87
421.01
4051.67
271.45
154.15
1077.34
780.19
583.25
271.43
261.37
744.68
304.28
684.24
1464.44
328.79
1069.6
425.73
141.51
567.15
449.91
339.79
1229
1223.48
630.5
940.58
2555.78
840.02
506.68
561.15
319.38
839.32
210.89
538.01
249.91
391.99
1055.28
327.7
259.03
2680.17
492.17
197.98
748.66
394.23
575.62
966.98
285.28
775.4
526.09
873.32
259.93
379.63
911.38
802.87
360.75
3283.86
168.9
512.95
447.35
262.42
934.38
3256.02
466.25
781.08
612.03
403.58
4288.86
310.81
891.79
345.42
2026.73
947.87
470.44
130.69
399.6
357.97
531.26
594.41
816.89
721.3
1014.45
258.09
999.27
227.52
4431.98
1887.11
1761.86
203.76
165.99
477.38
189.7
988.84
1006
197.88
540.8
476.42
1489.27
397.52
151.81
7645.65
418.8
329.91
351.92
514.59
1197.75
774.43
300.17
530.3
678.31
163.69
2026.43
329.52
2143.27
480.46
253.62
809.85
1168.67
484.98
525.23
357.59
337.67
1202.58
223.95
1398.03
846.57
353.02
931.1
288.31
282.31
545.89
889.66
1480.71
438.76
253.81
187.31
336.26
339.34
647.82
181.53
186.83
261
142.09
213.8
656.21
639.89
829.88
420.09
567.35
250.01
447.38
361.49
318.24
249.46
231.53
314.36
918.88
580.18
333.47
231.44
253.77
940.61
2451.98
989.56
1006.39
248.57
573.31
426.87
1759.47
957.19
739.52
1286.24
263.08
485.69
98.03
689.06
216.73
1084.59
626.62
228.12
387.53
1086.56
466.63
359.73
846.31
661.51
367.56
494.83
306.03
485.45
320.71
615.03
613.01
480.63
3016.95
1139.88
1015.62
1280.09
501.73
365.2
366.4
609.1
312.22
891.38
896.74
368.01
414.27
784.51
3330.82
300.97
1949.73
349.86
461.89
254.35
1175.33
1381.34
484.33
301.6
425.73
671.13
486.31
619.48
351.25
297.21
4098.21
294.87
724.19
578.94
687.26
2474.84
356.68
595.99
202.62
525.31
518.14
317.11
937.46
381.24
223.73
604
696.81
998.42
664.6
1894.18
634.54
489.25
541.88
168.25
690.44
1509.82
1865.43
4369.05
992.76
906.5
401.7
210.5
306.2
1014.72
123.41
741.67
1064.53
389.74
892.61
492.25
232.95
196.13
260.19
544.43
1496.16
323.84
1073.79
1165.46
1087.16
327.99
736.6
599.14
379.58
1039.54
701.58
416.59
367.35
1348.84
370.12
835.38
1050.48
292.28
286.57
825.76
367.22
404.17
123.18
639.85
821.91
854.78
983.1
849.69
128.01
1455.12
538.71
171.58
455.21
865.03
710.2
286.01
280.15
1106.55
400.84
489.76
311.71
285.07
926.63
531.78
177.17
226.71
1660.83
691.64
359.28
264.02
609.23
327.11
721.19
432.69
690.37
1323.82
378.62
391.04
872.43
150.33
293.23
298.26
550.56
125.6
805.29
563.18
1305.35
323.67
1019.99
537.54
636.43
399.45
447.76
2676.94
315.64
791.76
3156.8
617.44
270.05
615.5
300.33
263.33
411.08
1305.96
586.42
629.23
264.99
286.51
769.09
830.08
275.06
254.53
257.22
193.09
174.15
208.89
448.31
1305.96
878.99
333.05
275.42
478.93
441.95
685.15
177.42
145.39
1481.81
529.54
998.27
651.07
334.23
313.26
526.53
165.64
323.61
733.49
1442.64
1588.56
1146.52
267.2
284.59
894.92
442.31
246.15
1097.78
528.38
695
1343.51
460.44
520.2
293.63
423.48
492.09
1433.49
691.36
1029.45
835.85
396.2
3373.14
754.07
627.33
289.23
279.32
743.16
410.07
253.78
351.63
569.41
3185.45
248.62
1624.18
784.9
238.44
383.32
1386.53
581.96
744.03
389.91
543.24
320.91
3669.52
268.17
432.46
476.31
763.27
675.45
136.79
337.32
344.43
319.99
1150.25
307.97
1062.06
2503.9
4649.92
297.75
145.61
234.46
483.38
414.7
392.87
545.21
1630.22
936.51
4856.8
240.33
713.14
96.87
477.25
553.78
518.38
169.92
383.08
195.37
1037.71
514.69
502.25
392.43
118.41
529.45
634.23
424.82
1093.26
2774.51
212.56
725.36
648.28
1370.31
307.53
472.01
798.47
4345.15
333.28
787.8
477.76
556.65
457.26
690.14
1023.62
167.73
1089.38
1063.39
793.14
602.58
1752.33
1235.65
118.32
315.98
1864.85
432.6
908.5
572.02
1302.31
1175.49
461.72
952.68
771.95
303.78
1398.32
1815.24
425.26
559.96
769.12
1063.16
1027.64
489.24
655.84
162.61
603.63
801.32
1504.07
674.92
609.24
753.3
675.23
520.57
784.81
703.3
2034.47
872.64
1473.01
631.46
415.98
378.88
698.51
233.72
866.68
1131.28
437.99
609.49
270.97
238.47
329.72
133.5
762.32
862.69
490.33
471.93
480.9
192.46
721.29
270.91
560.82
980.24
864.64
723.15
2227.12
110.27
778.65
652.59
458.51
294.61
592.81
701.84
1108.23
380.21
466.8
311.61
490.7
1950.13
511.6
629.73
434.44
260.78
379.02
275.03
779.08
1112.25
432.24
989.72
327.31
301.18
244.78
257.65
793.92
434.64
442.45
3555.01
359.82
1565.59
402.18
649.96
967.95
320.36
1420.94
400.68
595.45
140.92
16543.8
938.29
1478.38
403.14
425.81
364.1
190.26
147.75
1229.27
100.7
568.71
278.83
2722.3
740.39
705.2
325.58
855.59
561.24
718.23
386.35
634.93
736.11
177.28
381.03
524.89
393.47
2301.24
362.84
1382.61
373.6
218.13
370.67
189.43
261.58
432.01
793.36
242.74
160.91
249.4
424.34
29733
1096.06
1047.48
346
3783.23
240.83
477.99
1059.91
125.22
913.47
491.52
291.2
417.98
4598.54
817.13
656.59
345.1
533.08
1206.53
1026.42
984.3
120.81
522.68
367.96
359.61
981.99
789.81
757.2
339.13
2077.34
2608.3
351.55
2553.43
1258.53
643.53
378.29
512.95
254.42
253.21
388.58
1051.24
386.35
163.98
779.98
366.95
756.51
241.27
505.61
719.88
381.39
337.52
1687.04
328.41
1538.26
859.62
966.13
452.07
138.86
749.09
269.85
1947.43
3322.07
261.02
704.49
956.79
443.38
281.39
1545.21
15585.2
282.45
2266.06
511.76
175.5
386.4
513.12
151.74
388.59
667.62
407.85
385.8
608.06
596.04
1584.93
497.01
860.56
176.58
453.4
515.24
1200.8
227.12
866.2
664.79
2235.11
346.77
1403.82
1779.93
482.13
6897.53
1346.21
248.06
302.89
792.28
591.85
913.78
1405.33
290.11
877.34
497.83
1792.87
413.88
764.93
15153.7
306.85
179.46
1028.06
402.42
457.06
834.81
3401.85
825.35
330.12
811.74
298.15
5976.15
627.63
354.64
751.77
752.15
242.67
207.53
144.03
497.51
475.83
360.81
546.06
526.09
2643.48
586.45
301.86
478.86
305.23
1014.78
491.31
1214.77
357.44
299.67
369.14
525.67
222.69
199.73
111.36
885.8
385.34
2138.95
592.07
654.03
348.47
217.6
489.62
641.69
5786.89
3299.63
866.49
3783.63
163.11
568.78
611
398.39
262.01
1225.25
1711.21
1404.37
559.44
2054.98
404.44
313.42
386.65
1026.03
1140.75
342.2
282.29
608.28
584.81
549.32
470.91
542.54
528.17
537.16
528.93
358.88
1082.07
180.16
568.93
771.79
4204.92
412.22
248.59
675.16
372.16
190
465.41
473.27
665.43
857.8
268.61
367.29
840.85
370.46
391.53
3083.81
1151.69
351.16
1774.01
388.15
746.1
149.22
151.75
331.47
824.03
109
574.08
1010.08
849.28
1025.03
261.9
323.18
2110.39
516.61
1071.38
417.35
144.78
3676.19
646.13
412.99
494.27
1435.32
422.45
272.12
2423.09
779.66
931.83
2944.1
221.86
358.15
283.41
530.25
1050.44
404.8
434.36
310.9
326.6
790.68
857.69
1078.84
305.9
451.61
1319.64
270.77
2361.45
425.77
7898.05
789.52
629.5
430.47
346.11
576.83
559.96
243.08
743.78
442.45
327.35
1292.24
2358.51
196.3
236.62
1204.09
532.61
982.67
209.93
648.41
455.33
293.05
634.62
360.62
551.76
135.85
514.12
1006.01
370.4
559.81
551.04
383.75
238
2621.8
217.9
3161.57
438.58
599.22
192.49
484.33
832.14
1670.51
526.85
292.59
538.89
269.75
275.89
3609.9
233.15
568.96
1589.15
213.49
358.6
358.57
1297.9
1186.72
243.37
1008.12
797.44
204.54
501.87
405.63
963.04
822.01
371.67
1734.54
666.89
402.86
503.97
466.33
351.48
392.58
1100.39
334.72
1277.79
167.6
315.63
363.42
357.72
488.81
386.51
1828.11
1356.67
290.28
432.17
208.4
956.36
297.21
610.46
692.39
405.01
166.44
339.77
528.68
480.31
499.96
405.66
285.59
936.03
265.61
361.12
509.65
526.05
417.02
4385.23
295.19
1055.64
978.88
286.59
859.79
402.82
537.2
444.58
538.25
711.32
719.59
233.81
376.99
199.78
609.19
1119.69
1546.25
429.63
397.51
532.49
355.58
480.31
256.77
344.56
271.65
1459.19
1024.12
685.04
1349.46
248.64
1188.67
3048.39
329.8
618.88
411.79
670.05
799.61
1032.76
335.42
173.64
2145.6
1073.8
215.87
815.47
1472.73
381.54
6131.32
745.19
486.41
258.5
307.91
3307.94
338.89
