350.57
207.62
494.21
521.02
643.95
396.86
636.08
240.75
486.98
176.12
891.64
526.29
2637.95
995.89
915.85
253
831.81
199.05
458.43
942.46
1177.4
967.51
907.13
156.8
360.18
469.05
978.44
1291.67
811.87
617.33
245.56
378.66
2152.07
230.4
1375.33
894.15
587.6
6192.37
291.02
422.38
2590.3
2323.69
1389.61
239.56
2249.74
406.59
316.06
1873.59
340.78
545.5
500.18
552.49
636.59
621.07
1533.2
676.29
941.31
461.93
575.75
103.02
474.32
589.52
363.28
1952.57
291.37
262.98
523.76
718.39
298.62
190.84
486.2
313.14
306.37
396.58
850.76
1209.61
645.53
1118.37
1665.21
170.18
1792.16
613.59
1603.4
226
260.47
504.89
488.69
292.96
117.63
436.12
210.66
235.26
735.74
415.99
367.92
910.55
323.6
315.93
335.52
406.87
2332.2
366.73
955.11
439.73
275.58
747.3
331.55
381.91
1601.19
1525.01
287.82
1033.17
919.24
210.1
409.37
616.66
476.71
664.44
2403.46
418.2
404.29
579.95
754.09
172.65
1855.62
236.16
272.14
764.63
212.2
196.77
1578.27
323.47
145.26
1429.56
676.71
400.07
745.19
499.75
309.4
1371.14
148.76
847.21
375.85
949.7
928.27
661.79
396.6
1084.15
726.96
397.4
524.96
1705.74
557.67
749.89
373.47
577.49
414.73
560.33
510.81
1023.06
1234.42
221.36
1008.84
913.95
522.27
647.13
221.76
421.3
179.4
405.5
691.83
385.77
1191.12
509.2
1046.17
1781.07
311.31
951.96
504.74
2450.65
175.23
320
1495.54
489.37
232.51
803.15
255.82
2712.93
752.1
947.09
325.16
294.36
978.62
1132.32
427.13
368.56
1243.53
1033.78
242.02
237.49
776.76
562.22
1008.44
621.85
911.51
280.15
3274.94
592.6
265.07
1042.15
241.66
2042.34
500.61
184.54
338.93
1092.41
963.06
887.24
488.41
603.65
1873.18
493.33
605.04
702.64
454.29
15909.1
978.71
287.29
649.05
200.42
254.9
411.83
419.63
470.62
804.25
782.27
607.41
808.27
332.04
280.87
765.21
2094.92
543.3
1206.33
245.74
1344.08
708.24
261.35
509.58
360.57
421.91
622.98
459.79
1017.52
757.36
798.75
335.64
385.79
468.67
267.09
338.93
571.61
196.42
927.39
356.88
518.89
14549.1
790.8
881.29
965.65
7174.75
423.13
429.07
6901.53
134.87
477.53
694.14
693.9
2301.56
270.05
376.8
325.62
394.45
846.89
198.62
721.87
686.7
906.27
398.19
407.92
735.92
543.15
612.77
219.76
422.31
612.22
500.12
972.36
545.41
1314.86
1137.78
678.71
159.08
275.11
555.89
402.21
541.72
374.94
315.68
965.21
339.25
528.16
643.88
461.35
826.79
562.88
265.74
264.09
196.07
470.3
348.65
2229.44
661.7
619.26
269.72
369.58
280.2
255.52
313.73
820.74
5619.75
396.78
1766.98
414.4
318.72
783.94
783.08
371.9
376.36
337.41
688.48
372.92
420.27
231.03
3640.17
937.52
363.08
502.62
3959.87
414.3
662.19
285.13
187.51
644.39
384.19
761.65
185.49
672
1128.31
2692.56
229.66
580.75
505.24
572.77
832.7
426.41
3905.22
340.02
991.29
121.41
343.57
782.08
166.18
277.53
952.21
497.08
722.33
359.36
335.01
1607.8
830.55
1379.66
2813.94
381.78
547.79
451.69
7059.55
474.01
616.7
612.65
374.76
257.54
758.25
5389.45
253.96
736.93
878.24
825.99
155.71
2544.67
992.27
2038.68
184.46
982.84
185.76
516.97
311.88
853.48
456.79
165.75
630.65
425.52
608.86
2119.43
1128.05
347.51
1084.16
662.05
550.19
1349.78
387.79
288.86
156.82
545.46
516.29
264.29
873.99
362.99
535.44
380.32
257.7
975.42
2416.67
485.59
3685.85
615.19
501.45
610.2
1781.64
624.27
312.06
492.84
1523.34
1422.26
1422.26
411.63
960.5
991.97
1518.81
920.91
293.48
857.74
916.22
748.01
270.38
254.36
640.47
384.36
527.57
427.94
887.14
247.85
423.7
415.62
460.71
464.66
657.05
416.01
1288.92
1733.66
1848.25
265.07
999.67
222.36
957.92
1586.68
920.19
243.04
474.24
547.32
460.65
489.6
213.28
1149.7
466.25
1167.49
1471.96
352.72
349.3
334.2
159.56
650.64
558.4
688.05
246.6
3149.8
1446.41
1283.41
666.34
3743.15
