888.78
371.58
5676.53
276.29
499.12
1225.1
291.27
1657.86
620.45
176.9
2340.28
1435.34
790.6
1836.17
470.26
967
639.51
831.13
570.86
310.19
1348.22
546.3
705.4
443.76
363.43
1133
429.63
734.01
544.28
1485.24
3326.77
716.83
867.19
2690.4
1162.1
412.21
942.31
8540.2
581.46
1951.38
286.19
873.57
369.8
617.09
1894.47
312.8
1024.71
381.72
244.46
957.02
1469.45
629.99
497.94
235.1
351.04
1492.41
366.37
138.17
236.42
449.73
109.83
1763.42
3575.98
721.29
1534.79
263.84
799.85
436.32
525.8
803
249.57
1370.88
474.7
536.28
350.16
505.54
885.82
529.82
982.53
393.62
214.18
512.53
262.1
212.8
791.57
635.85
1731.01
361.21
454.2
315.3
508.12
196.71
392.84
1192.64
429.31
590.89
1815.96
372.22
1551.58
668.58
793.4
144.61
1265.06
1177.77
783.36
280.91
1542.51
241.34
292.51
262.5
437.9
310.1
289.18
739.7
308.62
572.11
321
1295.67
296.79
512.03
290.7
616.59
455.11
384.94
1714.25
2111.94
649.35
2091.05
402.56
1948.38
873.04
2125.68
686.73
472.85
403.4
1003.12
600
1147.7
2010.77
877.44
583.97
193.17
464.49
733.37
1554.03
119.54
823.76
503.48
363.98
594.82
477.33
1046.22
172.67
564.4
379.57
1508.91
687.24
919.88
465.34
371.07
390.01
562.13
667.83
480.18
401.48
780.11
361.44
1263.38
254.01
1192.5
938.52
110.12
325.86
1208.5
655.61
585.67
306.95
415.19
352.63
330.62
893.1
194.54
743.05
698.61
550.16
183.78
995.89
459.27
175.99
707.25
400.72
830.37
1216.16
196.82
278.03
254.28
869.96
1650.26
987.97
697.36
317.63
473.61
382.5
281.49
486.7
514.57
460.21
395.99
423.38
231.3
388.72
660.89
1731.18
1186.98
779.82
335.67
826.38
600.62
877.58
409.43
352.02
275.88
362.14
976.67
880.48
1411.72
734.3
243.28
246.23
290.87
282.79
197.26
283.04
453.19
602.32
1044.8
416.62
434.45
346.67
354.55
309.67
502.92
1956.53
8100.03
2043.95
1185.62
427.06
295.05
289.07
331.46
241.71
577.43
860.53
259.51
415.49
801.79
241.39
1464.41
307.01
605.58
964.64
4315.59
251.34
379.41
989.07
557.62
279.97
1082.63
224.88
193.23
296.82
907.56
739.12
307.87
170.2
598.46
769.03
265.07
403.56
533.25
1812.08
265.97
396.12
610.69
790.06
899.06
264.67
307.11
1735.32
851.7
684.32
199.39
289.42
330.69
750.24
12546.7
215.7
561.27
1066.67
300.9
6831.86
511.02
501.39
389.8
460.17
351.26
747.52
935
2569.23
708.56
1042.92
501.98
452.94
1049.54
248.17
802.49
662.38
294.27
696.97
261.99
1490.07
1553.02
420.28
863.34
606.17
616.48
1775.76
193.28
667.39
419.04
266.05
1235.16
1508.14
301.9
1128.34
2740.47
361.26
344.92
1439.22
547.94
623.07
580.11
242
655.45
868.52
209.03
1619.21
445.61
288.93
786.2
496.07
2044.43
255.85
412.99
190.83
159.07
2146.37
1289.69
171.82
343.68
299.77
871.98
573.67
842.96
522.01
282.95
708.21
510.62
408.09
2810.86
271.49
286.6
682.1
169.28
538.36
519.18
1716.57
390.01
221.23
567.02
674.86
2252.84
1082.38
485.2
1839.76
299.16
295.36
1211.2
243.6
250.66
436.2
197.66
485.2
419.67
2697.71
482.21
1501.32
1155.07
284.35
273.67
749.63
204.92
8301.7
320.88
866.8
679.54
444.81
1243.96
234.51
457.27
750.48
773.34
308.09
826.34
878.03
2421.92
476.97
200.99
277.47
6883.93
357.39
470.23
3102.83
4353.91
457.6
668.03
443.08
422.99
1102.15
915.48
618.12
453.09
438.53
783.86
573.52
722.33
334.73
442.92
568
755.42
405.03
1868.41
544.86
2073.85
1683.93
411.29
703.63
750.57
446.15
585.4
1183.73
714.49
287.23
675.43
495.81
679.47
481.71
1825.87
3912.39
359.22
428.07
525.65
252.29
1815.22
318.77
1215.14
851.66
279.49
644.73
2316.63
525.56
425.31
257.6
453.85
477.58
189.89
637.44
1058.27
908.24
667.23
2559.38
192.13
122.22
368.12
965.01
2682.1
334.2
2994.38
290.23
994.85
388.73
698.25
214.78
730.63
1080.13
3561.24
262.06
280.97
700.99
144.22
