2890.25
580.13
1156.51
240.58
443.73
364.68
331.21
2881.47
532.85
176.68
476.18
856.86
429.23
261.96
3054.23
888.78
142.08
433.37
441.69
700.24
438.84
1354.35
235.37
768.27
817.55
158.5
346.65
1643.87
330.35
179.33
227.16
585.36
318.82
492.74
775.47
839.11
1472.31
431.02
527.05
405.96
699.08
2574.37
383.6
687.25
620.84
768.11
724.93
3993.82
1097.14
1660.26
269.23
460.2
502.68
732.08
33832.5
503.61
332.76
471.83
2183.09
5003.87
769.07
443.4
4618.97
580.66
1562.7
444.18
674.11
177.23
1455.66
918.53
647.09
611.03
2056.91
339.09
375.15
822.21
804.33
454.47
333.76
516.88
570.87
741.58
2513.29
189.39
612.88
669.62
190.41
347.97
448.37
1244.08
379.49
363.32
2321.4
3480.32
453.19
1001.47
1040.64
129.75
1160.73
913.83
127.26
258.33
1154.84
308.77
125.75
960.5
246.77
87.53
341.26
2074.61
611.86
154.35
412.88
3530.34
619.91
496.05
650.82
356.51
1783.62
484.71
254.27
287.61
361.92
269.18
494.16
1401.99
607.82
167.57
348.53
601.7
279.59
1018.55
1008.01
481.16
1342.2
425.43
655.21
431.77
460.9
610.75
295.46
2042.13
489.87
381.97
366.09
234.58
739.58
194.12
817.59
363.63
1335.65
896.88
655.54
235.13
578.31
351.25
267.89
936.14
557.33
1411.07
824.31
469.19
422.97
216.25
174.82
488.73
302.85
565.16
315.03
632.69
1269.45
250.49
243.17
3536.17
454.63
2892.02
835.67
1175.48
340.47
620.99
352.72
1602.02
152.08
521.09
902.12
415.11
341.85
345.13
162.42
539.57
269.23
699.53
664.93
739.61
890.31
406.85
410.03
595.48
181.36
302.8
643.4
211.6
115.04
1430.21
156.86
945.66
235.52
258.76
798.49
472.32
333.27
294.27
251.98
270.87
147.31
253.45
335.85
442.52
438.39
1196.33
231.71
4159.7
664.04
170.63
1148.43
1432.68
636.53
532
778.76
206.5
487.97
142.9
350.65
349.46
297.04
1529.45
919.99
251.57
342.83
504.97
2560.05
383.8
204.59
370.58
634.14
543.65
219.33
368.05
863.91
901.53
661.67
489.06
705.54
864.22
456.81
225.42
126.02
174.56
654.58
688.81
277.18
2296.21
1003.43
375.67
3740.5
136.93
696.36
258.87
544.98
283.45
381.71
246.19
292.73
334.92
742.17
283.25
562.97
1164.61
2550.94
153.32
1238.04
500.69
198.18
2086.67
230.53
199.32
249.43
288.74
752.41
318
178.94
3644.98
349.42
1013.92
759.8
384.77
359.74
672.79
275.77
358.69
500.45
337.06
256.27
651.48
1187.39
794.27
425.15
497.9
164.51
263.78
1209.34
2778.85
740.26
643.24
339.18
1139.08
532.34
887.4
251.06
476.32
460.48
599.12
582.91
271.84
901.62
388.76
281.67
670.18
581.81
502.85
546.27
251.01
498.89
941.37
774.06
298.31
745.88
307.44
716.91
454.54
355.18
1079.45
605.82
232.64
410.2
1754.12
342.41
679.41
1011.65
192.15
434.92
396.62
1889.83
386.48
280.18
864.39
17808.8
378.92
19404
145.87
459.23
798.66
645.72
423.74
276.41
623.92
289.1
2652.74
1848.81
462.5
66.63
755.21
319.92
331.78
499.51
401.73
1627.34
1726.97
378.73
198.28
310.59
413.82
278.29
640.34
162.5
1035.87
832.7
1385.59
555.36
467.57
1291.73
985.97
567.2
737.96
234.48
236.16
349.21
559.32
284.27
697.69
291.72
3167.58
1247.59
829.93
659.73
188.89
267.04
360.94
5460.04
292.89
310.42
210.8
379.1
238.72
851.35
548.24
124.86
356.54
859.94
745.36
290.69
271.34
239.78
285.66
395.61
228
279.83
259.39
771.04
669.62
566.24
614.58
158.84
301.11
585.3
741.31
1049.33
3786.6
1718.01
860.48
2585.9
2702.44
978.74
245.95
555.92
416.59
502.36
562.75
126.09
423.4
209.99
355.62
263.76
597.85
1167.4
215.15
485.45
172.81
160.43
315.06
501.45
135.92
251.67
438.11
266.2
335.95
264.82
600.94
852.34
662.78
183.04
1019.5
106.44
463.89
769.05
814.19
714.34
1324.57
511.61
222.63
673.58
2285.74
261.92
3905.37
598.65
434.1
257.02
357.04
344.47
957.95
93.25
585.56
259.37
493.51
681.51
178.45
266.41
760.64
117.12
918.93
