405.94
223.44
414.99
123.71
564.07
295.57
1827.92
791.34
340.13
429.89
145.12
637.53
2720.42
226.61
1172.95
362.09
794.68
995.29
946.85
552.3
179.05
219.97
740.56
464.02
890.85
249.46
452.78
584.37
621.25
535.05
406.85
735.01
1113.15
723.27
427.35
420.94
800.57
655.3
271.12
455.66
513.58
340.66
196.19
364.25
189.72
193.27
806.06
194.05
366.34
876.4
247.44
454.47
261.07
280.56
205.93
241.58
322.29
233.46
4221.12
589.89
189.21
280.98
484.64
772.68
594.64
1380.96
1858.48
1153.68
385.83
299.39
479.68
1554.71
499.26
200.78
8679.73
2886.49
222.72
555.1
693.05
215.45
281.03
815.69
310.4
656.48
801.62
893.52
276.33
962.4
503.24
319.71
760.02
537.34
467.1
231.56
428.27
307.61
262.04
3647.68
341.97
297.93
273.26
889.47
208.05
285.13
1110.01
485.82
436.31
430.19
987.71
582.03
411.67
232.74
169.1
150.46
267.55
1313.93
323.73
306.55
273.65
214.48
489.03
627.16
1764.92
604.09
192.08
2121.93
127.04
248.87
514.69
1234.67
4473.08
559.37
11729.6
185.51
4272.36
169.9
250.35
567.97
263.92
2538.3
219.84
887.06
356.02
431.55
399.46
205.4
446.78
383.31
574.78
397.68
563.39
183.88
361.57
700.47
351.3
874.92
341.19
254.76
893.96
1464.47
258.62
1302.73
322.69
166.55
312.11
373.95
299.19
1153.71
721.03
410.79
212.03
421.31
140.94
374.38
583.37
147.04
323.66
2951.08
992.99
1164.51
161.25
208.84
288.54
753.76
355.2
870.76
361.58
572.04
910.04
240.35
349.27
257.66
186.41
597.29
636.79
880.53
421.1
399.29
938.71
374.85
695.76
979.42
305.85
473.69
259.55
326.56
986.05
410.78
304.7
571.23
493.74
200.86
264.88
518.93
297.44
180.61
602.01
897.69
999.95
234.44
991.56
761.19
551.62
452.01
1029.24
243.63
313.32
700.38
689.56
627.85
882.44
666.95
711.94
352.61
979.55
109.59
426.38
285.13
181.46
509.02
64748.6
463.49
724.39
515.33
491.82
607.9
617.87
289.77
921.34
491.04
980.85
112.67
734.8
432.61
270.7
140.65
974.96
659.03
241.56
885.38
491.94
658.55
215.28
778.52
533.24
781.07
272.84
497.42
243.06
476.95
370.38
580.48
770.96
457.58
450.89
323.24
656.43
1302.18
201.24
540.03
289.22
258.06
496.08
776.72
409.5
672.54
240.64
6123.44
492.02
386.36
558.12
690.32
285.93
259.21
1191.03
436.7
814.32
517.92
395.58
383.65
406.54
1318.11
350.47
399.22
1799.57
572.44
212.82
2217.61
622.48
778.16
250.76
364.6
558.3
198.1
1233.03
1505.8
511.25
366.92
267.63
306.27
618.98
390.35
663.39
439.1
424.41
404.41
1379.01
706.23
522.46
1895.34
339.36
866.11
267.1
786.08
141.53
531.19
386.58
801.77
301.03
612.5
455.83
286.91
619.73
168.14
513.27
311.82
1529.53
466.3
991.28
1610.26
509.56
358.87
832.78
413.86
804.17
333.31
1044.69
202.73
900.6
602.43
678.97
382.54
429.02
87.57
264.95
235.37
221.67
215.89
848.78
1136.35
551.07
791.84
436.6
1452.6
6394.28
559.1
930.24
482.3
581.68
518.29
785.97
305.35
213.43
1296.02
889.7
1319.39
420.62
236.21
2204.26
1058.69
523.78
253.33
418.41
1026.25
258.65
851.02
470.72
534.58
745.92
331.66
232
344.65
352.38
335.77
1388.98
555.15
269.52
629.09
827.73
701.87
248.84
860.09
876.91
387.47
703.74
280.78
445
180.04
380.2
379.22
505.24
650.17
1057.97
2565.05
155.4
1248.48
398.46
497.91
581.47
365.61
353.97
210.8
1134.64
404.3
2208.54
661.14
936.54
1342.9
833.07
831.98
1301.14
544.02
941.56
534.57
726.79
2813.15
485.05
464.07
352.01
8525.52
294.75
544.61
290.61
7395.49
949.33
619.27
678.52
288.78
582.22
643.24
259.2
1048.07
1179.84
286.22
1026.16
428.59
465.98
923.11
255.17
550.8
315.88
594.37
603.81
517.48
980.86
333.48
537.27
1064.75
714.19
367.77
427.33
255.51
468.59
965.35
215.16
1443.49
1053.92
519.6
4947.02
603.46
185.45
1239.62
255.3
582.96
529.47
258.89
740.75
319.6
813.55
903.02
